1 3.4451425
1 4.1026615
1 2.1365616
1 1.9409138
1 -0.069386876
1 2.5143031
1 4.8348247
1 2.1485371
1 2.1466519
1 4.1983264
1 2.204796
1 1.7658871
1 3.2508833
1 3.346757
1 1.4959232
1 2.3220468
1 3.3410058
1 -4.4907561
1 0.55402581
1 1.5040919
1 0.45144147
1 2.7890502
1 3.1020017
1 3.3721723
1 3.1086053
1 0.092998123
1 -1.055359
1 2.1622431
1 0.80401927
1 0.55617136
1 0.57999665
1 2.529635
1 -0.33912687
1 1.9284409
1 1.0562221
1 1.6548578
1 0.33913531
1 1.5084204
1 3.1368428
1 1.849441
1 1.8085379
1 2.0889074
1 2.8038801
1 3.3848953
1 0.24032966
1 1.4771886
1 1.995616
1 -0.86701304
1 0.39621808
1 0.62817867
1 1.3905923
1 2.1866632
1 0.87194295
1 0.44566358
1 -0.29875399
1 1.9137062
1 0.40461109
1 1.7426836
1 3.0006375
1 0.0042871744
1 1.8082521
1 -0.0552369
1 0.48539818
1 0.68483806
1 0.46027577
1 1.8917176
1 2.0322727
1 1.4898582
1 3.1320773
1 3.1854849
1 0.045614457
1 0.6150883
1 0.49445626
1 0.74667595
1 1.2430878
1 1.3218831
1 -0.30040267
1 -1.0541826
1 1.9195757
1 3.9281148
1 -0.22737863
1 3.1256298
1 1.661129
1 1.7728958
1 0.1422966
1 -0.53224479
1 3.6276409
1 0.37283295
1 0.55813751
1 1.8350889
1 1.3214316
1 1.5199736
1 -1.4251094
1 0.77464457
1 -0.84452529
1 1.3664288
1 3.0033534
1 0.025172267
1 2.422349
1 0.43703418
1 -0.70810806
1 2.3724938
1 1.949963
1 0.52695714
1 2.4252081
1 2.862231
1 2.4823713
1 0.31604318
1 2.151584
1 3.4498939
1 -0.3409712
1 -0.77863945
1 -0.43438391
1 2.8126915
1 1.297588
1 1.3185533
1 0.1442372
1 1.299485
1 1.6947717
1 3.2379406
1 2.9642883
1 0.40731028
1 2.0992331
1 2.8225043
1 1.8016308
1 1.3471748
1 0.79573412
1 3.0250047
1 1.9584418
1 -0.99077129
1 1.6651255
1 0.76111526
1 2.9642018
1 2.3494157
1 -2.2883097
1 0.53210917
1 -1.0919008
1 0.4312415
1 1.6134801
1 2.023108
1 0.051664044
1 1.4877106
1 0.98605881
1 2.939641
1 0.77157598
1 0.83940619
1 1.562697
1 1.0003863
1 0.5952316
1 1.2345386
1 2.9686593
1 3.8049276
1 2.3315317
1 -1.7706022
1 1.1836463
1 -0.90589959
1 1.1573467
1 0.56290049
1 -1.6488235
1 0.49279145
1 3.3435502
1 -1.8777468
1 1.8977335
1 0.88422678
1 2.2320239
1 2.1202536
1 -0.1337091
1 1.8138369
1 3.3735605
1 4.6016136
1 3.0585806
1 0.86512038
1 3.323075
1 1.8359826
1 2.313903
1 1.9869074
1 2.5321144
1 -0.5064518
1 -0.47891578
1 1.2591328
1 1.5012632
1 0.31319639
1 3.6976288
1 2.5773395
1 3.7471527
1 1.3010085
1 2.3148141
1 2.3712962
1 4.0403965
1 3.6873964
1 0.57505241
1 0.44622394
1 2.9659849
1 1.8462378
1 2.0028433
1 1.9852047
1 -0.55202936
1 2.6030641
1 1.8543765
1 2.1019315
1 2.3662395
1 1.4321474
1 3.1974322
1 2.9363451
1 2.5760436
1 2.3135271
1 3.200907
1 -0.65100721
1 4.1820412
1 2.4259607
1 0.62673753
1 1.0488304
1 0.67451671
1 1.7167352
1 -1.2481786
1 1.2623477
1 2.4308133
1 2.400131
1 4.723524
1 3.889313
1 2.2343406
1 -0.559646
1 3.6605166
1 2.8488103
1 2.0255445
1 3.8335205
1 2.9944208
1 -4.0391245
1 1.1167497
1 1.0876378
1 4.5736638
1 3.6241093
1 -1.8976566
1 3.8233943
1 5.7479142
1 0.79941145
1 2.9343918
1 0.60967571
1 1.1558946
1 3.1470649
1 1.6167957
1 2.4903693
1 4.4452709
1 2.0632101
1 2.3975552
1 2.6616191
1 2.1898085
1 2.826963
1 1.7021793
1 0.83351569
1 3.3387801
1 1.3437064
1 2.1993229
1 1.74765
1 3.2180234
1 3.5681174
1 3.3148769
1 3.6642558
1 2.3167852
1 3.8625672
1 2.5414965
1 2.5918132
1 -0.24032493
1 0.90118844
1 2.6716815
1 -2.7233867
1 3.7477375
1 3.6031815
1 3.8539907
1 -0.37901915
1 2.778426
1 3.3019432
1 2.8898201
1 5.5200481
1 -0.48886706
1 1.0319291
1 0.89463592
1 2.2150555
1 -0.11018157
1 1.9086587
1 3.0236779
1 0.85126749
1 1.409336
1 2.6603759
1 2.3646371
1 3.8395642
1 4.0507842
1 4.4191416
1 1.9414201
1 0.27958534
1 -0.0099305843
1 1.6425295
1 3.7641448
1 3.0546894
1 4.3637026
1 4.2253937
1 4.3386864
1 4.3098393
1 1.7860936
1 3.4460853
1 1.6419303
1 -0.23940162
1 -0.49389562
1 1.0863652
1 0.89027743
1 3.6693595
1 3.6796464
1 1.3685751
1 1.3109806
1 1.5956104
1 3.771386
1 0.76925853
1 0.65216055
1 -0.86334588
1 2.5629532
1 2.7482935
1 2.0588815
1 4.1647792
1 1.5173859
1 0.65064971
1 -0.37912229
1 0.38649771
1 2.0836306
1 4.8835002
1 3.7495179
1 0.26005462
1 2.0167025
1 -1.2185656
1 0.05511884
1 2.434342
1 2.1444411
1 1.8184017
1 2.0128245
1 0.61315324
1 0.48116775
1 0.046993676
1 1.7580044
1 1.4172457
1 3.858181
1 2.8001112
1 0.30585453
1 3.3189319
1 2.0925991
1 1.4871559
1 1.5893329
1 1.4576588
1 0.14245932
1 2.0811438
1 4.8701153
1 2.5665741
1 2.7993823
1 1.2894611
1 0.80727111
1 1.4732011
1 2.2253026
1 2.7034559
1 2.7652523
1 2.2681559
1 0.94050049
1 3.3004035
1 0.86368729
1 -0.2899612
1 4.8636288
1 0.68385774
1 4.3411672
1 1.2516799
1 1.6865295
1 0.54623285
1 4.6478681
1 2.6267531
1 4.5595259
1 -0.44525015
1 1.6690879
1 -0.38821718
1 4.0094425
1 4.3123523
1 2.6057471
1 3.3911263
1 2.3871007
1 1.8059524
1 2.0433712
1 0.89937366
1 3.9073941
1 1.6989956
1 3.1289416
1 4.1192027
1 1.658768
1 1.9002207
1 1.489562
1 1.2897558
1 2.0783655
1 2.3830732
1 2.423111
1 2.0630948
1 2.4024486
1 0.65326436
1 2.1025653
1 4.1444324
1 -0.49005328
1 3.9730871
1 0.78821872
1 4.7945032
1 4.7691241
1 1.5349989
1 1.8677358
1 2.5170028
1 3.1078703
1 3.0947272
1 1.0142353
1 4.995209
1 4.9476508
1 3.5473893
1 2.7752763
1 2.5122643
1 -1.1047409
1 4.479239
1 3.2324489
1 4.2092297
1 0.4230542
1 1.8537615
1 1.1109101
1 1.2604716
1 1.8762383
1 -1.1344869
1 1.3215716
1 2.7016928
1 1.1769998
1 -1.5579665
1 -0.43230316
1 0.088298302
1 3.1173701
1 1.5256211
1 1.6053788
1 0.63662075
1 -0.41717203
1 -1.679895
1 1.0806284
1 -0.37831379
1 -1.6118587
1 0.27567612
1 1.5168736
1 -1.0904316
1 -0.2831077
1 1.7397219
1 0.19285707
1 1.417417
1 0.39788445
1 0.027550017
1 -0.7546471
1 0.150173
1 0.056684606
1 4.2674875
1 0.047365524
1 2.0321444
1 0.33807489
1 2.0425389
1 -0.36530819
1 -0.026103446
1 0.14291896
1 0.0012568369
1 0.26851395
1 -0.56598206
1 0.58056651
1 3.6346155
1 -0.015421748
1 0.24391558
1 4.9586604
1 0.13426483
1 -1.1471176
1 3.3785522
1 0.96083761
1 1.1721139
1 1.170814
1 0.63891615
1 -0.035692918
1 1.8116715
1 0.4116175
1 -0.096751109
1 1.9784519
1 0.69651951
1 0.67220075
1 0.64401691
1 0.18309874
1 2.8914796
1 0.29930921
1 -0.6748575
1 0.8251377
1 1.472268
1 0.2215286
1 1.3301437
1 -0.48874401
1 1.2910793
1 -0.66970649
1 0.27171819
1 -0.14899215
1 -1.4534724
1 1.9632362
1 0.025782885
1 0.28922412
1 1.8821364
1 -1.5129676
1 -0.057267721
1 0.78379131
1 1.4992434
1 1.2728387
1 0.69690187
1 3.5406818
1 0.25920252
1 0.22172535
1 0.44654189
1 -0.34690076
1 2.4073861
1 2.4775644
1 -0.36893991
1 0.32683907
1 2.1722583
1 0.20603168
1 1.6406328
1 1.7768042
1 2.1879595
1 1.4151856
1 0.99331156
1 -0.052772896
1 -0.32004514
1 4.201279
1 1.3959455
1 3.4037
1 0.096209747
1 1.5407265
1 2.6181434
1 3.5368265
1 3.4162032
1 1.4175594
1 2.6636217
1 6.3002641
1 -2.3553064
1 1.3689167
1 4.0105535
1 5.0628151
1 4.3127666
1 1.7925323
1 3.9506543
1 3.2641114
1 1.515633
1 0.147961
1 -0.45555372
1 1.9659444
1 3.2164616
1 1.8864719
1 1.0901302
1 1.7699853
1 0.95717069
1 1.9669692
1 1.2705785
1 2.6853872
1 3.5614775
1 1.8285738
1 1.2004324
1 3.6699142
1 4.3736212
1 0.42038875
1 1.6692529
1 1.3959003
1 0.14467729
1 1.6744184
1 1.3612455
1 1.9211224
1 0.81111281
1 1.26197
1 2.8742583
1 0.69337505
1 3.2693543
1 0.95970535
1 1.6302537
1 0.24261325
1 3.3740025
1 0.16301827
1 0.93102963
1 0.96286312
1 1.9238478
1 0.89931069
1 2.2063689
1 -0.51186445
1 0.22298091
1 1.4054687
1 0.28871119
1 2.3715594
1 -1.7543844
1 2.5740605
1 0.03714515
1 0.56251409
1 0.2726638
1 1.5151214
1 -0.040955115
1 1.3743235
1 4.3403725
1 -0.19239467
1 0.37818317
1 3.3527385
1 -1.7388569
1 0.65512046
1 0.18414815
1 -0.066502544
1 1.1468035
1 -0.015398601
1 2.135219
1 -0.031682163
1 1.816852
1 2.0651572
1 1.7893196
1 1.0087249
1 2.1119947
1 -1.7186589
1 0.69312217
1 -0.069644103
1 -0.25862948
1 -2.1947967
1 5.6426579
1 1.5089969
1 2.7648607
1 3.3190445
1 0.85030486
1 -1.0091212
1 1.0310602
1 -0.73533714
1 -0.57659992
1 2.1673978
1 2.8459739
1 2.0138576
1 -1.0080676
1 1.7975287
1 0.76929203
1 0.66347333
1 0.99688251
1 1.087663
1 4.8974329
1 3.4872658
1 2.8399327
1 3.4584731
1 2.0310229
1 0.44689166
1 1.1228824
1 1.4209937
1 2.4930197
1 1.420522
1 0.32161314
1 1.3988102
1 1.2787028
1 2.636668
1 1.8724109
1 4.47754
1 1.7883991
1 2.6177902
1 1.4808691
1 -0.088512839
1 1.9442453
1 2.3112349
1 1.1728802
1 3.2151568
1 1.0166653
1 0.66501162
1 1.9403296
1 1.7655898
1 -1.2709515
1 3.1009207
1 2.4144769
1 1.3042763
1 1.468666
1 1.0539774
1 1.6255221
1 1.189802
1 2.1437765
1 1.0835853
1 -0.9006257
1 0.51407225
1 0.97407599
1 1.1228166
1 -0.21426146
1 3.6142404
1 1.2267439
1 -0.24280998
1 1.9820447
1 1.6171699
1 1.2362488
1 0.083890136
1 2.5341103
1 -1.0541014
1 1.740424
1 2.3852274
1 -0.2237313
1 -0.4847726
1 2.9001169
1 1.7073546
1 2.7412828
1 2.6282483
1 2.2044974
1 0.13200903
1 1.9659295
1 1.0488524
1 2.7668792
1 2.6851846
1 1.7161166
1 -0.18934496
1 2.0777389
1 0.92531982
1 0.50632571
1 1.2753123
1 -0.43858833
1 1.2715226
1 1.6389055
1 2.8069634
1 0.37720522
1 0.054569427
1 2.725767
1 2.8449743
1 2.7059353
1 0.27292299
1 -2.000743
1 0.97535073
1 1.8184127
1 0.11945775
1 1.584315
1 2.3411682
1 -1.9834845
1 -0.01617812
1 -0.079996114
1 3.8605169
1 3.0182025
1 0.7368156
1 0.67754796
1 1.4393595
1 1.5570987
1 3.339129
1 -1.4658234
1 1.833644
1 0.27520558
1 0.13815776
1 1.1797575
1 -0.14930697
1 2.0967845
1 0.88766126
1 -0.59821587
1 0.38969791
1 -1.5150854
1 -0.80657757
1 -0.92111627
1 -0.48853369
1 -0.56898791
1 1.1396411
1 -1.5590723
1 -0.25167339
1 -1.3630084
1 1.2371353
1 0.45794692
1 0.52319848
1 2.3389536
1 0.99138015
1 3.0311238
1 0.78609854
1 2.4642063
1 1.4439893
1 3.2703688
1 2.8134967
1 3.0910018
1 2.2806272
1 1.2844607
1 1.9392731
1 2.0165057
1 -0.38976396
1 0.20842363
1 2.8351002
1 1.3903531
1 -1.1521632
1 1.1572204
1 0.34150477
1 1.5499905
1 1.540168
1 0.95546783
1 0.96937321
1 -0.97981074
1 -1.4491044
1 0.41078718
1 1.2475488
1 2.355553
1 1.7475222
1 -0.71956797
1 1.8676182
1 1.9311227
1 2.6960016
1 1.3320321
1 -0.46444567
1 4.0623389
1 4.1249229
1 -0.2338785
1 -0.75452776
1 -1.2778909
1 1.0427051
1 3.2944306
1 2.9745772
1 2.380208
1 2.9511778
1 1.6019814
1 1.8835546
1 0.48532893
1 1.5558058
1 0.98987534
1 4.5971135
1 2.8352109
1 1.2967861
1 2.9133083
1 -0.085950708
1 1.2397727
1 1.8420235
1 0.64639476
1 -0.30152768
1 0.41160036
1 1.2479451
1 0.95843516
1 1.8132738
1 -0.22977968
1 1.1179111
1 2.9891731
1 3.189486
1 -0.53167458
1 1.4028886
1 -0.62866233
1 2.5151598
1 3.6089203
1 -0.77864024
1 2.8045101
1 2.0826048
1 1.2994884
1 -0.0092678526
1 0.29830281
1 3.8009849
1 0.38846087
1 1.7114767
1 -0.68003063
1 2.3715094
1 1.1135283
1 5.2711222
1 2.4886989
1 0.15092798
1 2.8806975
1 0.50053388
1 2.8672986
1 3.6161873
1 0.59767915
1 2.332152
1 -0.60649678
1 0.40434304
1 3.2245207
1 0.27695398
1 4.090975
1 4.1292745
1 3.1610132
1 2.3769259
1 3.2934935
1 2.1344906
1 -0.73871623
1 -0.57360857
1 1.1787444
1 3.9264871
1 0.90986336
1 2.3672439
1 0.26229816
1 3.2121794
1 4.421283
1 3.2370196
1 2.9092941
1 1.7600871
1 2.998713
1 0.63456002
1 1.6750155
1 0.72002504
1 4.7748961
1 1.9320508
1 2.4829973
1 1.6877409
1 2.2944661
1 4.6040132
1 0.59680769
1 3.8367344
1 2.0910528
1 4.8292259
1 3.3356987
1 1.5466628
1 2.8274809
1 1.2472017
1 2.4293482
1 3.0192378
1 0.42913728
1 0.47361396
1 0.26935086
1 4.2290362
1 2.7791236
1 0.54786417
1 2.3276259
1 3.9130334
1 1.2660475
1 -0.32227239
1 0.82705083
1 0.17565136
1 0.37345945
1 2.0744011
1 -1.1158952
1 -0.7316395
1 2.0433896
1 3.8160669
1 2.3240795
1 2.4480841
1 2.13066
1 0.12463336
1 0.45536447
1 -0.52992387
1 0.79151777
1 -1.298712
1 2.4758081
1 -1.2570095
1 3.1779699
1 3.0861064
1 2.8361677
1 3.0758376
1 3.4430111
1 0.31513169
1 0.4563908
1 0.34158908
1 5.2883697
1 4.9732375
1 1.345571
1 1.5706935
1 4.5066372
1 1.5721065
1 4.9303297
1 3.1175734
1 -0.16039424
1 1.3154009
1 2.4534523
1 0.12346868
1 1.0296671
1 1.7131706
1 2.6324091
1 -0.7110462
1 2.240617
1 4.5624105
1 -0.71659233
1 1.5037737
1 3.0229107
1 0.85983409
1 1.0108112
1 3.4635906
1 -0.60548724
1 1.1915881
1 -0.49609958
1 3.2174979
1 1.9880442
1 3.2622513
1 2.6154278
1 0.62755608
1 2.2415368
1 1.447113
1 -1.423422
1 1.5344713
1 -2.3742648
1 0.43060202
1 3.8191668
1 2.0786158
1 3.2823218
1 1.8517518
1 2.7895449
1 2.1546556
1 1.6034667
1 1.6124638
1 0.81826488
1 0.45484687
1 2.4192307
1 3.4167589
1 1.9841169
1 3.0054402
1 2.718002
1 4.0111223
1 2.8227961
1 1.172742
1 2.7885104
1 0.83256464
1 2.6621918
1 1.2478733
1 3.044266
1 3.4704228
1 3.0239915
1 2.6031135
1 2.9382158
1 0.57940754
1 1.1921611
1 6.3181462
1 4.4649559
1 0.6483013
1 1.1875164
1 0.62977132
1 2.0953885
1 2.546167
1 3.2121486
1 1.2881
1 3.4341067
1 3.6684705
1 4.0562217
1 2.9328714
1 2.9526966
1 0.99752126
1 0.22321209
1 0.67110248
1 2.7144785
1 2.0255397
1 3.1608712
1 0.88655243
1 3.6150177
1 1.5339204
1 3.0831628
1 1.4314078
1 0.56824616
1 1.7788997
1 1.2898174
1 -1.6510507
1 3.0326632
1 0.58611551
1 1.9916133
1 3.1436801
1 3.3668389
1 2.5145971
1 4.1324882
1 1.8964547
1 3.2014824
1 2.2150332
1 1.6730848
1 3.799521
1 4.1712358
1 1.4038163
1 1.5439049
1 3.2115832
1 3.6746081
1 4.8111497
1 0.64526479
1 2.0167706
1 2.2908297
1 -1.4317729
1 2.3747631
1 3.011371
1 3.4504406
1 4.3671215
1 1.3100183
1 -0.11692307
1 0.06422389
1 0.42461416
1 1.4068796
1 1.5035862
1 -0.63909422
1 1.9225824
1 -0.68016289
1 -1.1473753
1 -0.0358515
1 1.9787087
1 2.1428654
1 2.6153987
1 2.0038679
1 0.36755648
1 0.49504748
1 3.3919729
1 -0.57038779
1 2.1930994
1 1.0797214
1 2.351271
1 1.6698448
1 2.1238579
1 1.4422599
1 2.5178835
1 2.3230538
1 -1.3387382
1 2.4928064
1 1.4846995
1 1.3366362
1 1.6005633
1 1.5748219
1 2.664761
1 0.34856625
1 1.153117
1 2.4704134
1 1.395447
1 0.49516972
1 0.41393454
1 2.6148373
1 0.82108628
1 1.9793336
1 0.04171735
1 3.3867393
1 0.48379131
1 -0.10221859
1 0.075877711
1 1.9379525
1 1.3743291
1 0.58449492
1 -0.17621279
1 2.4763733
1 2.1806949
1 2.5902462
1 -0.83848179
1 2.2518973
1 0.75832487
1 0.43736113
1 1.5173277
1 2.9052637
1 4.4231943
1 1.1763457
1 -1.4508135
1 2.5238259
1 1.4125807
1 2.4156315
1 1.7600483
1 2.7033265
1 2.6967889
1 2.1085971
1 2.2872672
1 2.7802569
1 2.0155472
1 2.6849391
1 2.9062932
1 0.31963415
1 2.4048404
1 1.1389719
1 2.7834291
1 0.23257404
1 2.7868734
1 2.1567744
1 4.4702367
1 1.4660767
1 -0.39784896
1 1.6798136
1 -1.9782058
1 2.5179323
1 4.2949561
1 1.7182554
1 -0.084538471
1 1.8970244
1 0.19333901
1 0.54430888
1 0.4696276
1 1.9944493
1 0.55263376
1 1.9790251
1 -0.24614697
1 2.4121399
1 2.7361617
1 1.253625
1 1.8392555
1 1.5569271
1 -0.63096992
1 -1.678707
1 0.82907413
1 1.2181175
1 0.95104352
1 1.2133099
1 2.9925313
1 1.9701101
1 0.59586899
1 2.2929742
1 0.11220623
1 -0.73247715
1 1.0419014
1 1.8027894
1 2.315274
1 2.2115945
1 0.81698138
1 4.8543987
1 4.221438
1 -0.39882369
1 2.712167
1 2.1201118
1 4.2455717
1 5.7817242
1 4.4136776
1 -1.0792692
1 1.4545634
1 0.26274531
1 1.1230144
1 3.6106795
1 5.5937825
1 4.3558384
1 0.79922234
1 0.13752505
1 3.3327572
1 3.7053108
1 3.7153433
1 0.94238811
1 1.4856111
1 -2.4318972
1 2.6035106
1 2.445701
1 2.2013816
1 2.4964609
1 -0.42456965
1 -0.19729897
1 5.1355927
1 0.67477046
1 -0.041132386
1 -1.650166
1 1.6898542
1 1.9961785
1 0.096799089
1 1.0591909
1 2.6423883
1 2.3527903
1 2.5495091
1 1.3716135
1 -0.31699249
1 2.6049791
1 3.1807786
1 1.7524517
1 1.734734
1 1.8759217
1 -0.20827579
1 2.5667531
1 -0.1170229
1 -0.026414379
1 1.351532
1 -0.57680692
1 -1.4610173
1 -1.8411005
1 0.61832403
1 1.9008469
1 2.5693266
1 -0.052780612
1 -1.3335419
1 2.3563734
1 1.0540911
1 3.5704439
1 1.1955813
1 2.483948
1 -0.18376981
1 0.61425255
1 -0.98716055
1 2.4237727
1 3.7734533
1 0.29907051
1 1.8874131
1 -1.2277335
1 0.58101329
1 -0.50562251
1 1.1705311
1 0.89106212
1 -0.48310986
1 1.0501732
1 1.6790765
1 3.9284059
1 0.57901454
1 2.5232769
1 3.1278842
1 1.9139845
1 1.3645687
1 2.0308618
1 0.47589474
1 0.42150318
1 -0.84337418
1 3.4565608
1 1.369428
1 1.0083907
1 1.7788385
1 0.20815769
1 1.4398971
1 1.8484354
1 -0.35638784
1 1.4250908
1 -0.83784665
1 0.8632754
1 0.7407385
1 1.9584258
1 1.7637549
1 2.5887242
1 2.221595
1 0.82402437
1 0.29443652
1 1.356128
1 -1.5857621
1 1.2944677
1 3.3467083
1 -0.2173786
1 1.7142138
1 -1.2941019
1 1.9744963
1 1.181317
1 1.0688938
-1 -1.6285827
-1 -1.4865146
-1 -3.821436
-1 -2.8510688
-1 -3.3829373
-1 -1.1147366
-1 -2.283796
-1 -3.9664629
-1 -6.3814544
-1 -4.3902692
-1 -2.4986985
-1 -3.4872689
-1 -1.9729686
-1 -3.3029052
-1 -3.434058
-1 -0.95031818
-1 -3.4208007
-1 -2.3318339
-1 -2.0482808
-1 -2.9384237
-1 -1.9405401
-1 -2.1409743
-1 -4.2556558
-1 -4.1863529
-1 -1.6776406
-1 -2.6303333
-1 -2.5409016
-1 -2.4381282
-1 -2.712691
-1 -3.8529758
-1 -5.4383836
-1 -2.1482536
-1 -4.8364003
-1 -2.6227003
-1 -3.2574136
-1 -1.8005196
-1 -2.5902197
-1 -2.4672819
-1 -2.982897
-1 -4.6590931
-1 -5.4859808
-1 -3.1964198
-1 -3.7797387
-1 -4.2905696
-1 -2.736208
-1 -4.0802335
-1 -0.18398579
-1 -2.0700403
-1 -4.2258548
-1 -3.6297922
-1 -2.7357581
-1 -3.8119615
-1 -3.7454893
-1 -3.9145969
-1 -2.5932685
-1 -5.242699
-1 -2.1091686
-1 -5.104771
-1 -4.2390607
-1 -5.3031285
-1 -2.0560247
-1 -3.5250044
-1 -1.6798289
-1 -2.1616869
-1 -2.4721207
-1 -1.265042
-1 -5.5504463
-1 -1.0904593
-1 -2.2412452
-1 -2.0216404
-1 -5.6426476
-1 -1.6691708
-1 -4.9013793
-1 -2.4131663
-1 -6.8628719
-1 -3.4390251
-1 -3.4628341
-1 -3.0619421
-1 -1.5132391
-1 -6.0724636
-1 -1.3934699
-1 -0.49747497
-1 -4.038557
-1 -1.0307086
-1 -1.8930484
-1 -3.6903078
-1 -3.3862625
-1 -3.379885
-1 -1.746209
-1 -5.4200454
-1 -4.2496554
-1 -3.9564371
-1 -3.5408449
-1 -1.5156915
-1 -1.4294519
-1 -2.4531671
-1 -2.3759707
-1 -2.7922074
-1 -1.9791317
-1 -2.969704
-1 -1.7175746
-1 -2.7050325
-1 -1.7517045
-1 -3.6342763
-1 -2.1910753
-1 -1.9835129
-1 -1.2810039
-1 -2.8496935
-1 -2.489454
-1 -5.3540293
-1 -2.7212797
-1 -3.4956672
-1 -3.0605265
-1 -2.2076542
-1 -3.0446896
-1 -1.4012046
-1 -4.2383609
-1 -2.3399766
-1 -5.2487036
-1 -1.8834611
-1 -4.9040625
-1 -3.3732008
-1 -1.3344574
-1 -4.6280879
-1 0.24151893
-1 -1.5782669
-1 -4.9789324
-1 -3.3924834
-1 -3.6294545
-1 -1.3271085
-1 -4.0874583
-1 -2.9808022
-1 -3.0318355
-1 -2.2555366
-1 -3.7806519
-1 -1.1067172
-1 -2.8975004
-1 -3.742137
-1 -8.5535251
-1 -3.0901134
-1 -2.8690971
-1 -2.3540223
-1 -7.9982789
-1 -3.6867737
-1 -1.3609336
-1 -3.1140095
-1 -1.404531
-1 -1.8364388
-1 -8.0169346
-1 -1.5751932
-1 -1.7536869
-1 -1.9949969
-1 -2.473782
-1 -1.2267034
-1 -4.901031
-1 -1.1686366
-1 -2.6495272
-1 -4.3316658
-1 -1.7176236
-1 -2.4875264
-1 -3.0281981
-1 -6.3433648
-1 -3.5597105
-1 -3.4814123
-1 -2.4766304
-1 -2.9584927
-1 -2.8914944
-1 -1.2708985
-1 -3.3499398
-1 -4.4506069
-1 -5.0770068
-1 -6.0620844
-1 -3.3463691
-1 -4.0607289
-1 -4.0665226
-1 -1.3337715
-1 -2.8474376
-1 -4.4910213
-1 -2.1602197
-1 -5.8808329
-1 -1.3744545
-1 -3.4433933
-1 -3.7194753
-1 -4.8422544
-1 -3.4521837
-1 -2.4083615
-1 -1.542225
-1 -6.0252729
-1 -1.6980106
-1 -1.6291764
-1 -3.1401171
-1 -3.3712073
-1 -3.8947139
-1 -2.1655955
-1 -1.9222091
-1 -5.5264467
-1 -1.2976242
-1 -3.5149583
-1 -3.4668279
-1 -2.3682804
-1 -1.0686369
-1 -1.5699459
-1 -5.2941107
-1 -2.8887836
-1 -2.6790092
-1 -3.7892665
-1 -2.4946631
-1 -2.3732248
-1 -4.509768
-1 -4.0943829
-1 -3.5534174
-1 -3.8178643
-1 -1.7478583
-1 -1.9632748
-1 -3.827953
-1 -2.3055916
-1 -2.4215692
-1 -3.1756267
-1 -1.9897145
-1 -0.68247531
-1 -2.65472
-1 -1.3629092
-1 -3.7738804
-1 -1.4525779
-1 -3.0047442
-1 -1.3146323
-1 -5.9725916
-1 -8.6280784
-1 -3.564592
-1 -2.977614
-1 -3.1221089
-1 -3.2623618
-1 -3.4170552
-1 -2.4167658
-1 -1.5030279
-1 -3.9333909
-1 -2.4962565
-1 -3.0214321
-1 -2.2425351
-1 -3.4536753
-1 -3.4063941
-1 -2.38576
-1 -3.2541827
-1 -2.1749441
-1 -1.1735952
-1 -5.3253596
-1 -2.3456551
-1 -2.2787362
-1 -1.169204
-1 -2.3266409
-1 -1.5145757
-1 -2.561199
-1 -3.4366639
-1 -3.643194
-1 -3.9913216
-1 -3.559492
-1 -2.9467573
-1 -1.1377726
-1 -2.4115948
-1 -1.1014294
-1 -5.3354779
-1 -3.5985742
-1 -5.5786826
-1 -4.2892219
-1 -4.1316804
-1 -2.0857777
-1 -2.874117
-1 -1.9959018
-1 -2.0280582
-1 -2.132449
-1 0.85972658
-1 -1.9621762
-1 -2.8258231
-1 -2.4401856
-1 -2.3548136
-1 -2.9493195
-1 -0.71554613
-1 -4.2530233
-1 -1.2908087
-1 -2.0139899
-1 -3.7966286
-1 -4.7188012
-1 -1.5767764
-1 -4.4666482
-1 -5.024189
-1 -1.1719192
-1 -5.490651
-1 -4.7447533
-1 -3.3450273
-1 -2.4114461
-1 -1.4410667
-1 -3.0540658
-1 -0.95910834
-1 -2.762077
-1 -4.2407408
-1 -3.005155
-1 -2.1307806
-1 -3.2500749
-1 -2.1730644
-1 -2.9274943
-1 -4.830189
-1 -6.0307218
-1 -4.9443249
-1 -0.44825245
-1 -7.078393
-1 -2.0038255
-1 -6.355171
-1 -8.5734729
-1 -5.228043
-1 -2.2299634
-1 -0.92256596
-1 -2.5564648
-1 -2.3993438
-1 -3.1667745
-1 -2.5999769
-1 -4.1047315
-1 -3.6063595
-1 -0.90183757
-1 -1.5728959
-1 -3.2203477
-1 -3.2861324
-1 -2.7598438
-1 -3.9516562
-1 -1.6598282
-1 -1.8988752
-1 -3.0431751
-1 -2.2312126
-1 -5.3918179
-1 -5.5535376
-1 -1.6504257
-1 -2.3494235
-1 -2.095759
-1 -5.4394175
-1 -2.9575362
-1 -0.98536797
-1 -3.6950826
-1 -2.423845
-1 -1.8051542
-1 -3.5856964
-1 -4.3210688
-1 -1.8604234
-1 -3.9339578
-1 -0.84319822
-1 -3.343849
-1 -2.5987251
-1 -2.2066598
-1 -6.5804712
-1 -2.8848028
-1 -3.5428877
-1 -2.4171215
-1 -2.7249254
-1 -2.665954
-1 -1.9811457
-1 -1.2889435
-1 -3.9407808
-1 -3.1938682
-1 -3.2109986
-1 -2.5755489
-1 -4.3710335
-1 -2.7766344
-1 -4.6109578
-1 -2.2143862
-1 -5.0015607
-1 -2.9323877
-1 -4.3967929
-1 -1.6924197
-1 -2.4952454
-1 -3.8896168
-1 -2.6164161
-1 -3.7738826
-1 -1.7572982
-1 -1.1454542
-1 -1.4655388
-1 -1.9706769
-1 -4.0128829
-1 -3.396354
-1 -4.4491545
-1 -5.6542933
-1 -2.4600819
-1 -3.9196658
-1 -2.1091508
-1 -3.7363749
-1 -4.6034664
-1 -4.7106485
-1 -2.5516945
-1 -1.7483342
-1 -3.2244913
-1 -0.37710864
-1 -1.8188918
-1 -2.9136403
-1 -4.2228565
-1 -1.7375446
-1 -4.1851069
-1 -2.3478884
-1 -0.39391385
-1 -2.8136993
-1 -3.8604532
-1 -2.5296902
-1 -3.7993207
-1 1.1001993
-1 -3.2670355
-1 -1.78507
-1 -1.154167
-1 -3.6066163
-1 -3.3745204
-1 -3.0415332
-1 -4.128819
-1 -1.9437694
-1 -2.3409742
-1 -4.8900813
-1 -1.7179474
-1 -4.2467371
-1 -4.590277
-1 -3.0716543
-1 -2.6779061
-1 -3.6487971
-1 0.029482801
-1 -4.841171
-1 -2.9222983
-1 -3.6044509
-1 -1.0521517
-1 -2.2404812
-1 -2.3040759
-1 -2.6107486
-1 -1.4167908
-1 -3.2511598
-1 -2.5839402
-1 -2.6764157
-1 -2.2216165
-1 -4.0143924
-1 -2.685639
-1 -2.5742215
-1 -0.74879918
-1 -1.1989362
-1 -2.2136278
-1 -1.4784959
-1 -2.07139
-1 -2.6180903
-1 0.51690562
-1 -1.9265122
-1 -5.5818347
-1 -1.4711336
-1 -3.7603813
-1 -4.4227037
-1 -3.2101667
-1 -2.3165216
-1 -0.31105948
-1 -2.4567034
-1 -4.8438713
-1 -1.1493024
-1 -3.6861257
-1 -4.056904
-1 -3.1073384
-1 -0.14587921
-1 -2.609101
-1 -2.0365803
-1 -2.8091312
-1 -2.4035403
-1 -1.8770323
-1 -3.9667914
-1 -3.4319779
-1 -2.8529576
-1 -2.3798006
-1 -2.7166326
-1 -0.65681469
-1 -1.5026972
-1 -3.7363249
-1 -0.93007531
-1 -5.3221126
-1 -0.98366824
-1 -2.128517
-1 -3.668547
-1 -1.2347788
-1 -1.9446001
-1 -3.1228382
-1 -2.1771626
-1 -1.4788882
-1 -4.3701726
-1 -4.3802378
-1 -5.8733307
-1 -5.5520288
-1 -2.5217442
-1 -2.5202031
-1 -1.6872466
-1 -2.7681063
-1 -1.8593531
-1 -3.7812732
-1 -2.4937015
-1 -3.1096961
-1 -4.4089734
-1 -1.9663514
-1 -1.5199992
-1 -4.0532994
-1 -1.8278941
-1 -4.2232993
-1 -3.9599275
-1 -3.8314434
-1 -3.7519498
-1 -4.8361006
-1 -4.0863298
-1 -2.4859204
-1 -3.0338475
-1 -3.4504566
-1 -4.9807658
-1 -2.9865486
-1 -3.9064203
-1 -4.6286404
-1 -3.8849455
-1 -4.8381912
-1 -5.1341142
-1 -2.0324077
-1 -2.9606322
-1 -2.1780768
-1 -3.6657635
-1 -3.2198382
-1 -0.83720579
-1 -5.6908079
-1 -1.8099873
-1 -2.3389245
-1 -3.6912293
-1 -3.0431125
-1 -1.5825059
-1 -3.4543837
-1 -1.8162634
-1 -1.0442579
-1 -2.3647456
-1 -1.9847542
-1 -3.2623722
-1 -5.2927871
-1 -2.0627397
-1 -1.4522823
-1 -1.8581018
-1 -2.4077712
-1 -3.3614624
-1 -1.9367765
-1 -2.0253653
-1 -2.7074297
-1 -3.6524457
-1 -4.0064901
-1 -0.96728039
-1 -4.3094905
-1 -2.4621334
-1 -1.9717341
-1 0.89491499
-1 -1.7957449
-1 -5.7508541
-1 -3.3507442
-1 -3.386377
-1 -2.4833698
-1 -7.7040479
-1 -1.7736555
-1 -4.9327719
-1 -2.1251096
-1 -2.4882979
-1 -1.9356608
-1 0.19325207
-1 -2.7161553
-1 -3.0664786
-1 -3.1123322
-1 -3.5095622
-1 -2.9433089
-1 -2.5077356
-1 -2.1839068
-1 -5.5549416
-1 -2.3167333
-1 -2.7743766
-1 -4.0219725
-1 -4.5507487
-1 -5.1432286
-1 -1.9660304
-1 -3.2776386
-1 -2.8934722
-1 -3.3582528
-1 -4.2171927
-1 -4.1610407
-1 -5.4588037
-1 0.13961139
-1 -3.0235869
-1 -2.3506531
-1 -1.9605758
-1 -2.637949
-1 -1.8824337
-1 -2.3757702
-1 -3.0170089
-1 -2.5546535
-1 -2.5792282
-1 -2.8702237
-1 -1.3236658
-1 -5.1732494
-1 -1.8970445
-1 -0.74159477
-1 -3.3567962
-1 -2.0605692
-1 -3.1437133
-1 -3.0984613
-1 -3.1561656
-1 -2.6583111
-1 -3.4782706
-1 -2.0058616
-1 -2.0456417
-1 -3.7417408
-1 -2.7465947
-1 -2.1228401
-1 -4.8687287
-1 -3.3580642
-1 -4.1957512
-1 -8.0974498
-1 -1.6960394
-1 -3.6358028
-1 -2.2765855
-1 -3.3375434
-1 -3.7122291
-1 -3.5944975
-1 -3.8033858
-1 -2.2643414
-1 -2.0017875
-1 -2.5236765
-1 -3.2902949
-1 -2.0800711
-1 -0.89428269
-1 -3.2172943
-1 -1.030602
-1 -2.0087743
-1 -3.353366
-1 -3.5341709
-1 -1.9120463
-1 -2.656634
-1 -0.49798406
-1 -2.0114442
-1 -3.0972726
-1 -2.0824579
-1 -1.8268347
-1 -2.278208
-1 -2.6655739
-1 -2.112576
-1 -0.66042496
-1 -1.2226205
-1 -1.231263
-1 -2.015033
-1 -1.6036356
-1 -1.1892091
-1 -2.8908251
-1 -3.7855338
-1 -4.8682744
-1 -3.1192345
-1 -1.4366336
-1 -1.1639866
-1 -7.0658134
-1 -2.4344578
-1 -2.409126
-1 -3.0244779
-1 -2.5665378
-1 -4.0808248
-1 -2.7065348
-1 -3.0905165
-1 -0.33298105
-1 -2.867034
-1 -3.2740991
-1 -4.2291939
-1 -1.888176
-1 -5.307566
-1 -3.6765395
-1 -8.2665209
-1 -2.0070789
-1 -3.1723415
-1 -4.588858
-1 -3.6404264
-1 -1.2687249
-1 -2.4171349
-1 -4.0430013
-1 -5.38274
-1 -2.7143056
-1 -4.5966537
-1 -2.8584906
-1 -1.9813914
-1 -2.7018235
-1 -2.3788568
-1 -1.4625171
-1 -1.1840013
-1 -1.7259275
-1 -2.7307253
-1 -3.7603048
-1 -2.7396304
-1 -4.4103427
-1 -1.9229795
-1 -2.6026305
-1 -1.3572407
-1 -3.4433633
-1 -2.4382884
-1 -1.968842
-1 -1.4455198
-1 -3.6437002
-1 -1.2546536
-1 -5.1003218
-1 -3.4845596
-1 -1.7795025
-1 -4.6976528
-1 -5.4951957
-1 -3.5336187
-1 -1.5106825
-1 -0.66547679
-1 -3.1744956
-1 -3.1519468
-1 -3.0830432
-1 -4.2831219
-1 -2.6837795
-1 -2.6399716
-1 -0.33607092
-1 -3.0952364
-1 -1.0984028
-1 -4.558469
-1 -1.4694091
-1 -1.5886322
-1 -2.5434173
-1 -3.5633307
-1 -4.1885753
-1 -3.2822899
-1 -4.4307192
-1 -1.6037786
-1 -3.7458732
-1 -4.9756046
-1 -2.5627028
-1 -2.8320865
-1 -3.3890559
-1 -3.7245626
-1 -1.7615223
-1 -3.2323544
-1 -1.9578808
-1 -4.482052
-1 -0.69884532
-1 -1.9216318
-1 -1.7882447
-1 -1.5858745
-1 -2.4775592
-1 -3.7293842
-1 -4.5355253
-1 -2.3777163
-1 -3.7896575
-1 -2.3300852
-1 -2.2788608
-1 -2.0345608
-1 -3.514585
-1 -0.65580467
-1 -1.0654527
-1 -3.6309865
-1 -1.8719797
-1 -4.090135
-1 -3.115292
-1 -2.6792275
-1 -3.238942
-1 -2.2370854
-1 -3.0393762
-1 -2.8834936
-1 -2.6629664
-1 -1.9371652
-1 -2.802082
-1 -0.5192268
-1 -3.289578
-1 -3.7746113
-1 -5.5651021
-1 -0.38312037
-1 -2.6760843
-1 -0.650168
-1 -2.6672617
-1 -1.7374383
-1 -4.7465958
-1 -0.49853585
-1 -4.0707494
-1 -3.8187808
-1 -3.1521851
-1 -3.2383982
-1 -5.5475511
-1 -4.5891707
-1 -2.6661671
-1 -5.5720016
-1 -1.8389704
-1 -0.78557317
-1 -1.3588503
-1 -4.5383142
-1 -4.0317458
-1 -2.9312033
-1 -4.3119253
-1 -5.5681937
-1 -3.6142992
-1 -0.99602255
-1 -1.6443682
-1 -3.9656319
-1 -4.1238988
-1 -2.1579702
-1 -7.4874564
-1 -3.7572458
-1 -1.4042383
-1 -5.5354339
-1 -0.46924655
-1 -3.8176173
-1 -2.9022754
-1 -0.9689324
-1 -4.5266288
-1 -1.060215
-1 -2.2178723
-1 -3.488769
-1 -4.4158512
-1 -3.0629956
-1 -1.4402943
-1 -3.1326393
-1 -4.4136352
-1 -2.9840453
-1 -2.7072842
-1 -1.9394671
-1 -3.8134893
-1 -2.011741
-1 -4.4499885
-1 -2.1477354
-1 -2.2550082
-1 -2.9697942
-1 -3.5152756
-1 -3.2415595
-1 -1.2611954
-1 -1.2694596
-1 -4.5365534
-1 -2.98591
-1 -2.0340247
-1 -4.1033405
-1 -4.4098733
-1 -4.8869928
-1 -3.8197694
-1 -3.7784193
-1 -5.0845808
-1 -2.5731508
-1 -2.2653357
-1 -3.7195569
-1 -2.4350147
-1 -3.4373055
-1 -1.2229009
-1 -4.3047797
-1 -0.28140006
-1 -3.3399362
-1 -4.4842969
-1 -6.7900732
-1 -3.750585
-1 -6.0184055
-1 -2.0388709
-1 -4.5526656
-1 -5.0378727
-1 -3.6547462
-1 -3.6884954
-1 -1.0677273
-1 -1.4024144
-1 -2.5835707
-1 -2.3764158
-1 -6.9882355
-1 -2.9625789
-1 -2.8081842
-1 -4.9775773
-1 -3.2472791
-1 -6.1201272
-1 -2.1465462
-1 -1.9679099
-1 -2.9360785
-1 -5.5831027
-1 -4.8056544
-1 -1.0393628
-1 -3.4593977
-1 -5.3308339
-1 -6.5132203
-1 -5.0800734
-1 -7.0728683
-1 -3.1046519
-1 -4.1741465
-1 -3.2270987
-1 -2.7187044
-1 0.63725693
-1 -1.3727449
-1 -7.078393
-1 -5.2283582
-1 -3.5352193
-1 -7.078393
-1 -0.77909898
-1 -5.0129252
-1 -2.4408931
-1 -5.3625809
-1 -4.1384939
-1 -4.9629048
-1 -3.7658975
-1 -4.9051277
-1 -5.1734847
-1 -2.0915016
-1 -1.3208439
-1 -2.7754996
-1 -2.4810214
-1 -7.7144364
-1 -1.6415193
-1 -4.0766161
-1 -5.214928
-1 -3.8883119
-1 -3.0193422
-1 -4.5537935
-1 -5.8733596
-1 -3.3400343
-1 -2.3300378
-1 -5.3931552
-1 -1.9390728
-1 -1.7202769
-1 -2.2413017
-1 -1.6842003
-1 -2.6719826
-1 -1.500884
-1 -0.70967288
-1 -3.5069768
-1 -4.72019
-1 -1.7663195
-1 -3.7256139
-1 -5.4645687
-1 -7.0746686
-1 -1.9164154
-1 -2.0477
-1 -0.74311579
-1 -2.431093
-1 -2.2609818
-1 -2.5385783
-1 -3.1557915
-1 -1.3879195
-1 -3.4516391
-1 -2.9228633
-1 -4.1575158
-1 -3.4806233
-1 -1.0172005
-1 -3.1332646
-1 -2.6785568
-1 -2.3041944
-1 -2.8110146
-1 -2.6694566
-1 -2.0680557
-1 -3.5386366
-1 -6.1899197
-1 -7.778408
-1 -3.071978
-1 -2.2059271
-1 -2.5774225
-1 -4.2830606
-1 -2.8894446
-1 -1.775035
-1 -3.886196
-1 -1.6420456
-1 -2.6122138
-1 -5.6928129
-1 -2.1881319
-1 -3.6748183
-1 -3.5456399
-1 -2.0672064
-1 -1.7829784
-1 -7.8700745
-1 -3.9198122
-1 -6.5843515
-1 -2.4682098
-1 -4.8668457
-1 -2.2789675
-1 -3.1571945
-1 -3.1141376
-1 -2.0132141
-1 -4.3086888
-1 -9.2066701
-1 -3.8991764
-1 -2.2996774
-1 -3.3756285
-1 -5.6440613
-1 -4.4338569
-1 -2.1505765
-1 -2.9769662
-1 -4.6763296
-1 -1.4654611
-1 -3.4224341
-1 -2.1519222
-1 -1.7090365
-1 -4.4345736
-1 -3.5980499
-1 -4.6683612
-1 -4.153505
-1 -4.577273
-1 -3.3578157
-1 -1.1108762
-1 -2.4768506
-1 -4.087705
-1 -4.1014191
-1 -1.5192726
-1 -4.7925608
-1 -2.487966
-1 -2.9518192
-1 -4.4902807
-1 -3.9543852
-1 -3.8013238
-1 -3.7993652
-1 -3.3340803
-1 -4.0490313
-1 -2.2289886
-1 -5.1955323
-1 -2.3151968
-1 -4.7109828
-1 -2.4016117
-1 -8.0306946
-1 -1.8525703
-1 -2.5659627
-1 -3.3785323
-1 -1.4488929
-1 -3.3100704
-1 -2.2095896
-1 -7.642223
-1 -6.4293916
-1 -4.1023607
-1 -2.2949361
-1 -3.9775095
-1 -2.9449278
-1 -4.3202293
-1 -3.2999399
-1 -1.5822481
-1 -0.65667901
-1 -3.8268948
-1 -6.4038249
-1 -8.4705302
-1 -2.9582529
-1 -3.9099132
-1 -1.9782571
-1 -2.6241979
-1 -5.4219565
-1 -1.6315284
-1 -1.1539363
-1 -7.078393
-1 -3.912102
-1 -3.2738061
-1 -3.6032543
-1 -0.27751243
-1 -4.2322125
-1 -3.1351135
-1 -6.9894276
-1 -4.1181701
-1 -2.5982512
-1 -4.2168074
-1 -3.1993767
-1 -1.5604532
-1 -1.8025641
-1 -1.6286457
-1 -4.7306562
-1 -5.7924008
-1 -2.1020472
-1 -4.4770095
-1 -3.6954957
-1 -2.9586146
-1 -4.0905777
-1 -2.2529874
-1 -6.9705829
-1 -2.5634162
-1 -4.0864021
-1 -3.4098781
-1 -2.9325603
-1 -4.2718242
-1 -3.5162861
-1 -3.2296893
-1 -2.6952267
-1 -2.0068106
-1 -3.3646828
-1 -3.5242676
-1 -1.9888435
-1 -3.1018936
-1 -3.0646832
-1 -4.5772766
-1 -3.6615653
-1 -1.6392601
-1 -2.5297035
-1 -2.3242312
-1 -2.50532
-1 -2.1429317
-1 -1.6444129
-1 -5.7303171
-1 -3.7701337
-1 -2.308682
-1 -1.5484611
-1 -3.4207296
-1 -7.3792711
-1 -3.8409949
-1 -7.5751015
-1 -4.4041471
-1 -4.7159892
-1 -4.7684358
-1 -4.0094667
-1 -7.078393
-1 -2.46703
-1 -2.1209545
-1 -3.6554823
-1 -2.375348
-1 -2.0281262
-1 -3.0676766
-1 -4.6321564
-1 -1.0654754
-1 -2.5776728
-1 -1.0373139
-1 -2.0155471
-1 -3.3359619
-1 -4.3026203
-1 -1.3333525
-1 -2.6454045
-1 -2.380792
-1 -2.323705
-1 -1.8788621
-1 -4.7538125
-1 -6.0532907
-1 -2.2067049
-1 -3.4891176
-1 -2.6408309
-1 -2.0861413
-1 -2.9664687
-1 -1.4455188
-1 -3.1637566
-1 -2.0549642
-1 -3.8758929
-1 -3.2355503
-1 -3.3798974
-1 -6.3461049
-1 -2.8197738
-1 -1.8735903
-1 -4.5403973
-1 -1.3775592
-1 -4.3153621
-1 -3.0472282
-1 -2.7553116
-1 -4.1493693
-1 -0.83295817
-1 -1.5078317
-1 -3.1788153
-1 -6.3239829
-1 -1.9609827
-1 -3.3944989
-1 -2.7830579
-1 -2.933449
-1 -3.5211396
-1 -2.4084999
-1 -2.4526587
-1 -4.7582586
-1 -4.2134696
-1 -3.7600261
-1 -6.2528624
-1 -1.9379389
-1 -4.9720929
-1 -1.6816328
-1 -4.7227949
-1 -5.3994223
-1 -2.8428837
-1 -7.7033442
-1 -3.7565705
-1 -3.1291709
-1 -1.5092847
-1 -5.0951328
-1 -3.3917696
-1 -1.8908106
-1 -2.3375618
-1 -1.5235814
-1 -3.3990374
-1 -2.9960493
-1 -4.9629419
-1 -3.2072345
-1 -1.5785389
-1 -1.9619183
-1 -3.3996697
-1 -1.8806622
-1 -2.861177
-1 -4.8277402
-1 -2.0258686
-1 -2.5397419
-1 -2.3977905
-1 -1.6446738
-1 -0.72228167
-1 0.10416072
-1 -1.9199884
-1 -2.5379524
-1 -2.8306148
-1 -4.8940614
-1 -2.5501263
-1 -1.7795193
-1 -3.2078099
-1 -4.9170822
-1 -2.6201764
-1 -2.1199295
-1 -3.4172747
-1 -3.3472439
-1 -3.2812041
-1 -1.3901242
-1 -1.9324619
-1 -2.3670297
-1 -2.6293972
-1 -1.401599
-1 -0.62249546
-1 -3.6382689
-1 -2.4523227
-1 -1.692233
-1 -4.6721659
-1 -2.00569
-1 -3.4591814
-1 -3.670335
-1 -2.4802186
-1 -2.5077727
-1 -3.5594517
-1 -1.5688231
-1 -0.79713254
-1 -1.7674088
-1 -4.7258688
-1 -8.1155848
-1 -6.4282311
-1 -0.37553875
-1 -2.8467101
-1 -4.2501091
-1 -2.6691488
-1 -4.1365608
-1 -1.060898
-1 -1.6975477
-1 -1.1021044
-1 -2.0643466
-1 -4.0014424
-1 -5.227898
-1 -3.3250076
-1 -5.2431385
-1 -2.7942696
-1 -2.2336129
-1 -4.0954925
-1 -4.3941424
-1 -3.3409511
-1 -3.0839023
-1 -0.42698434
-1 -2.9982525
-1 -2.7641993
-1 -5.6239586
-1 -2.157148
-1 -5.7424767
-1 -2.6502976
-1 -3.9752678
-1 -2.2738841
-1 -2.9087627
-1 -2.3382842
-1 -5.0942452
-1 -2.065391
-1 -4.0861411
-1 -0.95194791
-1 -3.8940716
-1 -3.6669126
-1 -7.1099519
-1 -3.2599727
-1 -1.0954764
-1 -2.4893032
-1 -3.7384926
-1 -1.9578388
-1 -2.7118881
-1 -3.2343363
-1 -3.1746273
-1 -7.2616493
-1 -1.4256792
-1 -1.9143672
-1 -2.1989688
-1 -2.2327093
-1 -3.1320019
-1 -2.3347805
-1 -3.1749329
-1 -5.6663387
-1 -2.6712927
-1 -3.4706263
-1 -4.6184769
-1 -8.0838515
-1 -1.8658939
-1 -4.5328267
-1 -3.0831251
-1 -4.0477595
-1 -2.4415805
-1 -2.9556219
-1 -1.3083807
-1 -4.3400654
-1 -2.7972163
-1 -2.4268549
-1 -4.6813606
-1 -3.0075581
-1 -2.1534198
-1 -0.57591024
-1 -2.4654349
-1 -2.8602336
-1 -1.8525603
-1 -2.9517651
-1 -4.422559
-1 -2.2934378
-1 -3.7441235
-1 -3.4025274
-1 -4.5195331
-1 -7.6695636
-1 -5.6041627
-1 -2.7913597
-1 -6.0121677
-1 -3.0749763
-1 -4.7400546
-1 -2.9183172
-1 -1.177617
-1 -1.5800714
-1 -3.6544253
-1 -2.0348714
-1 -4.4901152
-1 -2.5841352
-1 -1.5948585
-1 -4.5977383
-1 -2.6463321
-1 -3.1286496
-1 -3.876222
-1 -2.105837
-1 -3.8857601
-1 -1.5861998
-1 -3.1413699
-1 -2.3288325
-1 -1.1095626
-1 -2.4641756
-1 -2.4483269
-1 -1.8301437
-1 -3.3497536
-1 -3.1454615
-1 -2.8825148
-1 -2.7511377
-1 -3.0598837
-1 -3.8024188
-1 -6.1466279
-1 -4.3288375
-1 -2.9030891
-1 -1.9712184
-1 -2.1939481
-1 -2.3221706
-1 -3.636155
-1 -2.4084272
-1 -3.6138404
-1 -1.9172272
-1 -3.0540701
-1 -1.7207311
-1 -3.2155979
-1 -2.6207343
-1 -3.2064614
-1 -3.9114719
-1 -2.9721898
-1 -3.3293672
-1 -2.6379055
-1 -1.7600986
-1 -6.4945076
-1 -4.334652
-1 -3.1348432
-1 -0.72975965
-1 -1.3039731
-1 -3.1751396
-1 -2.2923557
-1 -1.0275942
-1 -3.6201715
-1 -5.7300733
-1 0.42300583
-1 -2.3957346
-1 -5.4929652
-1 -1.9173331
-1 -4.6414468
-1 -1.6846037
-1 -2.0949598
-1 -2.6135655
-1 -3.1846593
-1 -0.91527322
-1 -6.9698366
-1 -3.7234369
-1 -4.4165136
-1 -4.6413018
-1 -2.5984559
-1 -7.9952264
-1 -5.4047115
-1 -1.8666302
-1 -2.6428988
-1 -1.0156552
-1 -1.5074418
-1 -2.7351749
-1 -2.2718434
-1 -3.3279015
-1 -1.0551554
-1 -3.2602009
-1 -6.1079162
-1 -1.9795813
-1 -1.5746237
-1 -4.9526938
-1 -2.2168909
-1 -5.5558956
-1 -4.8982487
-1 -6.1939005
-1 -0.89900861
-1 -2.8448734
-1 -2.9179198
-1 -7.4911285
-1 -3.821258
-1 -0.7683563
-1 -3.9000794
-1 -3.4589496
-1 -2.8877621
-1 -2.7627035
-1 -1.6157505
-1 -2.2715077
-1 -3.0583384
-1 -2.5503907
-1 -2.1472856
-1 -0.89982562
-1 -2.5141477
-1 -2.9262076
-1 -2.0989763
-1 -2.6774325
-1 -2.8794655
-1 -1.9989375
-1 -3.2162795
-1 -2.3189044
-1 -2.3162029
-1 -5.4373425
-1 -5.0521423
-1 -3.2813134
-1 -2.2263467
-1 -3.729517
-1 -5.0042548
-1 -3.9032884
-1 -6.900533
-1 -3.0917787
-1 -3.3484373
-1 -7.63497
-1 -2.3844934
-1 -1.6496458
-1 -1.8306398
-1 -1.3537273
-1 -4.4658737
-1 -2.5936612
-1 -1.3223625
-1 -1.9660208
-1 -2.7179926
-1 -2.0321155
-1 -1.5124895
-1 -3.4289493
-1 -1.1833095
-1 -2.9184192
-1 -1.6696109
-1 -5.6046479
-1 -1.4803982
-1 -2.645395
-1 -2.2982376
-1 0.033416787
-1 -0.60219758
-1 -3.6196212
-1 -2.1295601
-1 -1.68202
-1 -2.7507275
-1 -3.0382446
-1 -3.4817511
-1 -2.5666992
-1 -3.0763906
-1 -4.5955272
-1 -3.502793
-1 -3.73663
-1 -4.0720654
-1 -8.3661126
-1 -5.1801349
-1 -4.414801
-1 -3.0493899
-1 -1.277424
-1 -2.3319748
-1 -4.9579078
-1 -3.3434088
-1 -2.9926633
-1 -7.078393
-1 -5.0536841
-1 -1.2625526
-1 -4.816461
-1 -4.8929893
-1 -3.9987251
-1 -4.778738
-1 -2.5125251
-1 -3.9137587
-1 -2.5318112
-1 -4.7983057
-1 -2.0676012
-1 -2.1820931
-1 -2.8545664
-1 -2.542641
-1 -2.9016484
-1 -4.4261581
-1 -2.2736028
-1 -3.2236182
-1 -3.9619503
-1 -4.5914945
-1 -4.0709915
-1 -1.8836068
-1 -3.277298
-1 -3.452964
-1 -4.8678822
-1 -2.1464989
-1 -2.0544794
-1 -4.2072863
-1 -4.4833245
-1 -3.5226767
-1 -7.1458396
-1 -3.3688575
-1 -3.6420772
-1 -3.0358299
-1 -3.0147805
-1 -3.0938523
-1 -3.3566518
-1 -1.1214815
-1 -5.2571717
-1 -2.9938607
-1 -3.8611791
-1 -4.9244483
-1 -3.6536952
-1 -3.6101671
-1 -2.7364757
-1 -0.91589033
-1 -2.0277224
-1 -4.2072479
-1 -1.8762325
-1 -0.33688625
-1 -2.6702886
-1 -2.1394044
-1 -2.1484697
-1 -1.67136
-1 -2.0366236
-1 -4.7616968
-1 -3.9089942
-1 -3.1156281
-1 -1.974892
-1 -4.0948096
-1 -1.0819626
-1 -2.8943165
-1 -2.0568866
-1 -2.6784601
-1 -0.88168828
-1 -3.4981688
-1 -2.44552
-1 -2.6831473
-1 -3.6975361
-1 -2.5936968
-1 -3.0874257
-1 -2.883158
-1 -1.7678585
-1 -4.0255484
-1 -3.5017942
-1 -3.572318
-1 -3.4485966
-1 -4.1787079
-1 -2.2053207
-1 -3.4422938
-1 -3.2157423
-1 -2.7186319
-1 -3.7546274
-1 -2.3197692
-1 -2.2885046
-1 -2.2147881
-1 -2.2548017
-1 -3.354115
-1 -5.4772145
-1 -5.2201887
-1 -1.300316
-1 -3.3034736
-1 -2.2746793
-1 -1.6575812
-1 -1.6244383
-1 -3.3482405
-1 -0.84292523
-1 -3.3820957
-1 -7.6370319
-1 -3.290106
-1 -3.5104697
-1 -3.0148971
-1 -1.0703518
-1 -1.1734498
-1 -3.8371878
-1 -3.3340034
-1 -2.3041002
-1 -4.204489
-1 -1.2370736
-1 -1.6738814
-1 -2.235513
-1 -1.101035
-1 -3.4505266
-1 -2.4773545
-1 -2.3825789
-1 -3.4707018
-1 -4.8153497
-1 -3.8331447
-1 -6.2342018
-1 -3.0640259
-1 -3.6662578
-1 -1.4136591
-1 -2.942137
-1 -2.590647
-1 -3.1855265
-1 -3.0171399
-1 -4.0179972
-1 -5.4680842
-1 -3.1769796
-1 -4.0677588
-1 -3.4091758
-1 -1.3849144
-1 -2.7432431
-1 -3.0803996
-1 -3.0001875
-1 -1.8563263
-1 -2.546646
-1 -1.7984743
-1 -4.9837624
-1 -2.1956144
-1 -1.5758915
-1 -1.9008423
-1 -2.91327
-1 -1.2671879
-1 -3.576606
-1 -0.93051827
-1 -1.8153773
-1 -2.8030549
-1 -1.312731
-1 -1.8866474
-1 -2.4533602
-1 -4.0036025
-1 -3.7599147
-1 -3.1061786
-1 -3.461832
-1 -3.5989671
-1 -3.0573387
-1 -1.9868622
-1 -1.8056947
-1 -3.3274866
-1 -5.3136063
-1 -0.68198206
-1 -2.125544
-1 -1.0529802
-1 -3.6881373
-1 -4.199073
-1 -2.3127423
-1 -6.1030036
-1 -3.1271696
-1 -4.3191114
-1 -3.4355074
-1 -2.2482348
-1 -2.2546108
-1 -2.2730228
-1 -2.7079925
-1 -1.4552284
-1 -6.287061
-1 -3.9289091
-1 -6.6589001
-1 -3.0037144
-1 -2.7680305
-1 -7.2610632
-1 -4.0517156
-1 0.74895693
-1 -3.7409125
-1 -2.3355926
-1 -1.6834668
-1 -3.7823322
-1 -1.8944308
-1 -3.6197143
-1 -6.3740866
-1 -3.935256
-1 -5.1243189
-1 -2.1286577
-1 -2.7777128
-1 -2.296815
-1 -2.7293589
-1 -6.1595403
-1 -1.1682302
-1 -3.9766865
-1 -3.3403053
-1 -2.1860811
-1 -1.9178933
-1 -2.5524789
-1 -4.330623
-1 -4.5060891
-1 -3.1608602
-1 -4.5648787
-1 -3.6281096
-1 -3.7244228
-1 -6.083852
-1 -3.4697666
-1 -1.8920169
-1 -1.9492972
-1 -3.4817096
-1 -3.4928519
-1 -5.1831764
-1 -1.8693199
-1 -1.6131821
-1 -2.4536923
-1 -1.5359415
-1 -4.9497721
-1 -3.3592528
-1 -2.5621919
-1 -2.1712289
-1 -7.8480759
-1 -2.7410542
-1 -4.2963246
-1 -3.0918402
-1 -3.0189108
-1 -3.2418159
-1 -3.2775191
-1 -3.365307
-1 -1.8729699
-1 -4.4601199
-1 -1.9939645
-1 -0.80155814
-1 -1.3265528
-1 -4.0409083
-1 -3.5447253
-1 -2.3888246
-1 -1.9176723
-1 -2.585867
-1 -1.2882259
-1 -5.4326162
-1 -1.9989939
-1 -5.5304306
-1 -2.1341519
-1 -2.1077581
-1 -3.4965496
-1 -2.9019235
-1 -3.561834
-1 -2.2793761
-1 -0.72380915
-1 -1.3334066
-1 -3.2613007
-1 -2.1551406
-1 -6.3395758
-1 -2.5435498
-1 -1.8932636
-1 -1.5709144
-1 -1.5347067
-1 -1.6946014
-1 -3.5174912
-1 -2.4043683
-1 -2.1949099
-1 -2.1846336
-1 -3.0958338
-1 -1.9678483
-1 -3.4350868
-1 -3.1769575
-1 -2.9520172
-1 -4.1129918
-1 -1.980639
-1 -3.3514979
-1 -2.5348084
-1 -3.50899
-1 -2.162721
-1 -3.0041696
-1 -4.4132584
-1 -2.2315506
-1 -5.27095
-1 -2.078245
-1 -2.4673835
-1 -1.4048853
-1 -2.3355283
-1 -3.0516713
-1 -4.2951312
-1 -0.7241196
-1 -1.8524832
-1 -1.1893699
-1 -2.9271653
-1 -1.5779951
-1 -2.5425349
-1 -4.0186126
-1 -4.4235461
-1 -3.5062482
-1 -3.094002
-1 -4.8265605
-1 -3.1281276
-1 -0.47501
-1 -2.4581817
-1 -1.8487509
-1 -1.588535
-1 -4.5413386
-1 -1.8952732
-1 -2.2045493
-1 -6.0093159
-1 -2.2635855
-1 -5.5195392
-1 -9.5181204
-1 -2.1414347
-1 -3.991033
-1 -4.2305842
-1 -2.6493306
-1 -3.6396718
-1 -3.3061453
-1 -1.8184218
-1 -3.1388603
-1 -3.8398417
-1 -7.3407225
-1 -1.3911322
-1 -2.1836301
-1 -2.2189303
-1 -4.2047324
-1 -3.8428502
-1 -3.1464148
-1 -3.9750832
-1 -3.2321546
-1 -1.9783045
-1 -3.6413957
-1 -3.0855914
-1 -5.3009996
-1 -4.1632503
-1 -6.2590564
-1 -1.6487147
-1 -4.2502468
-1 -1.0655547
-1 -5.7883802
-1 -2.5950637
-1 -4.0719889
-1 -3.6031818
-1 -1.7792372
-1 -2.696424
-1 -2.9823306
-1 -2.6009455
-1 -1.1855001
-1 -2.6206904
-1 -4.7709196
-1 -2.6209546
-1 -2.7373728
-1 -3.2598781
-1 -4.8190499
-1 -5.0123809
-1 -2.4588139
-1 -3.8945681
-1 -2.4208931
-1 -5.18049
-1 -2.3700837
-1 -2.4586897
-1 -3.0957706
-1 -2.5649499
-1 -3.5941556
-1 -3.8278939
-1 -2.7755232
-1 -3.4410664
-1 -3.0521584
-1 -2.2825593
-1 -3.8595099
-1 -1.4609958
-1 -4.8038261
-1 -2.4131196
-1 -0.64213093
-1 -3.3905424
-1 -2.7844596
-1 -5.1771237
-1 -5.881743
-1 -2.3206485
-1 -5.3545454
-1 -3.3769015
-1 -3.001442
-1 -4.1034503
-1 -10.65497
-1 -3.7877138
-1 -4.1393713
-1 -4.8664835
-1 -3.1225831
-1 -3.7981074
-1 -1.4791556
-1 -2.4529375
-1 -2.0672545
-1 -1.9141219
-1 -2.9070158
-1 -3.7908266
-1 -2.8062882
-1 -4.4667753
-1 -4.2143189
-1 -0.62220532
-1 -2.1437148
-1 -0.77744732
-1 -2.0905551
-1 -3.1497211
-1 -2.2652049
-1 -6.4136201
-1 -2.5891143
-1 -5.5977323
-1 -1.618741
-1 -1.6694338
-1 -3.3831827
-1 -2.7247517
-1 -2.6471679
-1 -2.6458624
-1 -2.1274202
-1 -2.5905375
-1 -0.92979443
-1 -1.0620957
-1 -6.0005267
-1 -3.2446468
-1 -0.81343598
-1 -3.3275971
-1 -3.1966961
-1 -4.2877965
-1 -1.8230042
-1 -5.4080271
-1 -3.2760209
-1 -4.0591944
-1 -3.8128187
-1 -4.8781666
-1 -4.4048565
-1 -2.8804206
-1 -2.4387356
-1 -5.6096797
-1 -4.6114953
-1 -2.4764106
-1 -2.1017127
-1 -2.41874
-1 -7.7904658
-1 -4.7483162
-1 -3.4018142
-1 -2.2050473
-1 -4.2586828
-1 -0.56687139
-1 -2.6330853
-1 -4.4025354
-1 -1.5994683
-1 -2.3492534
-1 -4.5502509
-1 -1.6090261
-1 -3.2623048
-1 -1.949629
-1 -2.4776638
-1 -3.404013
-1 -1.6789562
-1 -6.3275624
-1 -2.6686491
-1 -2.0597427
-1 -4.2268668
-1 -2.3760775
-1 -2.0786987
-1 -5.0646234
-1 -4.5912687
-1 -3.1111543
-1 -3.2253452
-1 -0.86117395
-1 -5.7553469
-1 -3.8504386
-1 -3.4142516
-1 -3.0879185
-1 -3.0652281
-1 -3.2409582
-1 -6.7185615
-1 -2.1304162
-1 -7.8706059
-1 -2.2475784
-1 -4.0223904
-1 -6.9230715
-1 -3.4232781
-1 -5.159758
-1 -1.8102228
-1 -2.5723151
-1 -4.3725702
-1 -1.2870874
-1 -4.3005044
-1 -2.5594672
-1 -1.6318783
-1 0.069861874
-1 -3.4712784
-1 -3.1399676
-1 -2.5259538
-1 -3.2975368
-1 -1.3543473
-1 -2.0711256
-1 -2.6671102
-1 -1.5936914
-1 -1.2188057
-1 -2.6475792
-1 -0.85861566
-1 -1.810267
-1 -2.8384416
-1 -1.9841164
-1 -2.9595376
-1 -3.3675933
-1 -2.4006434
-1 -2.562156
-1 -3.8746576
-1 -3.0817865
-1 -1.6796025
-1 -1.3602664
-1 -0.92436317
-1 -2.4467832
-1 -2.3194532
-1 -3.92708
-1 -4.2384952
-1 -8.6455151
-1 -2.704587
-1 -2.536877
-1 -0.79452342
-1 -1.6475857
-1 -2.4133578
-1 -5.3133654
-1 -3.9154604
-1 -1.9814017
-1 -3.4974418
-1 -2.2525582
-1 -7.5746548
-1 -1.9003094
-1 -2.0933053
-1 -1.8940701
-1 -3.5168718
-1 -3.2513855
-1 -2.0080156
-1 -2.4314728
-1 -5.0592748
-1 -5.3439397
-1 -2.2994325
-1 -5.0285463
-1 -0.39676092
-1 -8.0385878
-1 -4.0361679
-1 -2.8593745
-1 -6.9326546
-1 -4.5747879
-1 -3.3736057
-1 -2.3299466
-1 -2.0994297
-1 -3.5420508
-1 -2.0158299
-1 -2.6657018
-1 -2.9036584
-1 -7.3086445
-1 -2.5202011
-1 -3.1075156
-1 -4.5228519
-1 -7.9305589
-1 -2.3871066
-1 -2.8876813
-1 -3.989617
-1 -4.1465235
-1 -2.1889888
-1 -2.6131862
-1 -2.3168034
-1 -2.6841099
-1 -1.2825022
-1 -2.4296749
-1 -0.68158149
-1 -2.5134907
-1 -2.847847
-1 -2.7998641
-1 -2.984824
-1 -3.9986322
-1 -4.8205385
-1 -2.7023228
-1 -1.4584847
-1 -2.8176073
-1 -3.3972306
-1 -1.6437522
-1 -2.0446589
-1 -2.3746879
-1 -2.124335
-1 -3.4916197
-1 -5.9673683
-1 -2.3255392
-1 -1.3424219
-1 -1.593727
-1 -2.4921823
-1 -3.5981917
-1 -3.5391626
-1 -1.7147131
-1 -6.5363233
-1 -3.9495625
-1 -3.4267875
-1 -2.2484078
-1 -1.4161081
-1 -3.3465278
-1 -2.5051762
-1 -2.4942682
-1 -4.6606149
-1 -3.0397539
-1 -1.942717
-1 -3.1687414
-1 -3.970148
-1 -3.0529012
-1 -4.7959459
-1 -2.4305823
-1 -0.90503508
-1 -3.874559
-1 -2.2291584
-1 -2.9842115
-1 -0.98696561
-1 -2.3041239
-1 -2.7079109
-1 -4.1967434
-1 -4.2409086
-1 -5.3875032
-1 -1.4906009
-1 -2.4962807
-1 -2.8711512
-1 -7.5110138
-1 -5.216173
-1 -3.9721422
-1 -3.4214482
-1 -4.7270685
-1 -4.3020914
-1 -4.8515569
-1 -7.6135875
-1 -4.1057786
-1 -0.79615733
-1 -4.6890345
-1 -5.0287248
-1 -3.4147377
-1 -3.0592333
-1 -4.0579312
-1 -1.7167889
-1 -3.7125684
-1 -3.3840021
-1 -3.6707031
-1 -3.6637504
-1 -4.8371409
-1 -7.0720018
-1 -2.8429703
-1 -2.2535189
-1 -3.3116063
-1 -4.1765969
-1 -6.3094409
-1 -1.8284659
-1 -0.76517855
-1 -4.4681723
-1 -3.4834949
-1 -4.8925219
-1 -5.5916301
-1 -4.0891665
-1 -3.7607371
-1 -0.45410406
-1 -5.3348159
-1 -7.2473624
-1 -2.5078061
-1 -2.6554414
-1 -7.3821488
-1 -1.6374076
-1 -2.9073385
-1 -3.2285008
-1 -2.7900335
-1 -2.420263
-1 -3.3791024
-1 -1.9052703
-1 -3.0641134
-1 -2.9454402
-1 -3.342244
-1 -3.240032
-1 -2.1025891
-1 -3.0853391
-1 -3.7055433
-1 -2.1476087
-1 -4.0016684
-1 -1.1649594
-1 -1.8839164
-1 -3.0631649
-1 -1.416267
-1 -4.1307332
-1 -3.1942658
-1 -6.3969592
-1 -1.6824259
-1 -3.2504019
-1 -2.373434
-1 -3.0054041
-1 -2.1142791
-1 -3.7047686
-1 -1.6852348
-1 -5.1003157
-1 -1.2640555
-1 -1.1146771
-1 -3.055382
-1 -2.7841611
-1 -2.2506809
-1 -2.7367913
-1 -1.9438103
-1 -4.5293498
-1 -0.71474648
-1 -4.1815689
-1 -3.6344722
-1 -2.1726062
-1 -3.8763472
-1 -4.0340754
-1 -3.1313096
-1 -3.2523415
-1 -2.3353276
-1 -4.3202573
-1 -3.3612131
-1 -4.0926106
-1 -2.5919311
-1 -1.9286489
-1 -0.66344452
-1 -3.7726354
-1 0.57498419
-1 -2.4300566
-1 -4.3951053
-1 -1.8362974
-1 -2.4851579
-1 -5.2282053
-1 -3.3166791
-1 -2.751301
-1 -2.5214582
-1 -3.1348012
-1 -4.7802211
-1 -3.9394242
-1 -1.4242353
-1 -2.804734
-1 -2.0581115
-1 -0.48709226
-1 -2.7662391
-1 -2.3982176
-1 -1.5588402
-1 -3.0454517
-1 -4.492794
-1 -5.4903322
-1 -3.6735342
-1 -1.9574145
-1 -2.8857867
-1 -4.376094
-1 -0.92989737
-1 -5.5418306
-1 -1.3932206
-1 -3.8645415
-1 -4.415329
-1 -5.1207864
-1 -1.4990059
-1 -1.2639609
-1 -2.2874961
-1 -5.2346865
-1 -1.1341426
-1 -1.328695
-1 -5.618561
-1 -1.5464221
-1 -2.6627114
-1 -5.8360209
-1 -2.5000998
-1 -3.4117179
-1 -3.3541833
-1 -2.0710706
-1 -3.7033709
-1 -3.1405796
-1 -4.2569279
-1 -5.6963415
-1 -4.2383677
-1 -4.8596857
-1 -1.9205512
-1 -3.158503
-1 -2.33925
-1 -2.081702
-1 -5.7273854
-1 -1.5410104
-1 -2.7693078
-1 -2.1520004
-1 -2.7874513
-1 -4.9057714
-1 -2.9148474
-1 -2.6937686
-1 -1.7597663
-1 -1.0508382
-1 -2.0251249
-1 -2.9019814
-1 -5.3822698
-1 -0.4683876
-1 -2.3479447
-1 -1.4865674
-1 -3.8898731
-1 -3.4039697
-1 -3.5020956
-1 -3.1547845
-1 -4.3014928
-1 -1.9319089
-1 -4.7969562
-1 -7.5587412
-1 -3.2058028
-1 -4.0705648
-1 -3.4618292
-1 -2.3546697
-1 -3.8508443
-1 -1.3898449
-1 -1.0639323
-1 -2.5716683
-1 -5.1296447
-1 -5.2221295
-1 -2.7369808
-1 -5.783282
-1 -1.933699
-1 -3.787858
-1 -3.7103365
-1 -0.56648357
-1 -2.7468772
-1 -3.6835901
-1 -2.5658734
-1 -4.6446618
-1 -3.6977457
-1 -3.4201297
-1 -2.4575092
-1 -1.2866761
-1 -5.4093641
-1 -5.1435587
-1 -1.1934163
-1 -4.2630078
-1 -5.1490802
-1 -4.638729
-1 -1.2906071
-1 -2.2389723
-1 -2.2888416
-1 -3.9606427
-1 -4.4941828
-1 -1.6696194
-1 -3.9197152
-1 -5.0807637
-1 -3.882216
-1 -1.9868101
-1 -3.451835
-1 -3.2728908
-1 -4.3299107
-1 -2.6609463
-1 -1.1371316
-1 -4.7805508
-1 -2.9543735
-1 -2.307693
-1 -2.6546041
-1 -1.2205498
-1 -2.8453442
-1 -2.4294441
-1 -3.6630721
-1 -1.6739951
-1 -0.52189763
-1 -3.334546
-1 -2.2558109
-1 -3.1410433
-1 -4.3873779
-1 -3.5792774
-1 -2.2881056
-1 -4.0371241
-1 -3.9696149
-1 -4.7412468
-1 -2.8806461
-1 -6.4184911
-1 -2.662976
-1 -0.91947933
-1 -7.2342876
-1 -3.3800464
-1 -3.0077209
-1 -6.5182471
-1 -7.8271383
-1 -2.8561201
-1 -1.575817
-1 -3.1008324
-1 -3.5679408
-1 -2.633705
-1 -3.0413556
-1 -3.2265
-1 -1.7881932
-1 -0.48694729
-1 -1.5426787
-1 -2.0928178
-1 -2.6302268
-1 -2.165787
-1 -4.0272744
-1 -1.4584386
-1 -1.7419286
-1 -4.0150208
-1 -1.1428971
-1 -3.9950526
-1 -2.5833432
-1 -2.9108112
-1 -2.5386713
-1 -0.43830849
-1 -2.4705106
-1 -2.7060081
-1 -3.777193
-1 -1.6102743
-1 -2.7498926
-1 -2.5857384
-1 -2.7239378
-1 -1.8568928
-1 -2.8181582
-1 -2.2276902
-1 -1.3313152
-1 -5.4325265
-1 -5.7662888
-1 -5.0318657
-1 -1.9370828
-1 -5.2730871
-1 -2.0101917
-1 -1.6355274
-1 -3.8717296
-1 -2.7483437
-1 -5.9871273
-1 -4.6891023
-1 -3.3809869
-1 -3.0749787
-1 -4.4111423
-1 -1.7012747
-1 -2.7962324
-1 -3.2485372
-1 -3.7934854
-1 -2.4980459
-1 -2.9360726
-1 -1.7687589
-1 -3.4398155
-1 -3.177988
-1 -1.2780443
-1 -1.150095
-1 -6.8867605
-1 -3.2418113
-1 -6.3012161
-1 -1.9144557
-1 -5.6934933
-1 -2.3587143
-1 -5.166608
-1 -4.7961016
-1 -2.678052
-1 -1.6446676
-1 -1.0298703
-1 -3.725352
-1 -2.8787901
-1 -3.0515777
-1 -2.3591332
-1 -3.5184825
-1 -2.9140858
-1 -4.3235561
-1 -4.5423613
-1 -4.5678535
-1 -2.1161713
-1 -4.9315738
-1 -1.5429575
-1 -6.4379075
-1 -2.9484863
-1 -6.5019646
-1 -3.9557842
-1 -3.6084759
-1 -2.9259896
-1 -4.0599782
-1 -3.7069232
-1 -5.4764263
-1 -1.194509
-1 -4.1908368
-1 -3.795149
-1 -1.5249247
-1 -5.1424999
-1 -0.72265101
-1 -0.53442057
-1 -4.5824959
-1 -2.6532447
-1 -3.4074411
-1 -0.13535639
-1 -2.3044246
-1 -2.7996325
-1 -4.6095591
-1 -1.9152092
-1 -3.2135583
-1 -1.5126064
-1 -2.5159474
-1 -4.7004747
-1 -4.7495928
-1 -2.8382941
-1 -2.7969801
-1 -4.11635
-1 -2.3689165
-1 -1.9690802
-1 -1.732709
-1 -2.1259966
-1 -3.1993042
-1 -2.5463853
-1 -2.802191
-1 -0.83524937
-1 -2.8335121
-1 -2.7255211
-1 -5.077206
-1 -3.7714906
-1 -1.9663564
-1 -4.458443
-1 -1.2522603
-1 -1.7829761
-1 -2.7951211
-1 -0.72859454
-1 -2.489808
-1 -2.4987567
-1 -2.9381888
-1 -0.61843555
-1 -2.0756397
-1 -4.8770044
-1 -2.5443164
-1 -5.6115028
-1 -3.2696277
-1 -5.2590585
-1 -2.5346299
-1 -2.2963504
-1 -2.8957266
-1 -1.9410957
-1 -2.2027586
-1 -2.1993498
-1 -3.4980533
-1 -4.3738511
-1 -2.1800261
-1 -3.6208611
-1 -8.8801627
-1 -5.1865902
-1 -1.9632208
-1 -2.7868303
-1 -2.1638731
-1 -2.5617041
-1 -1.6513015
-1 -3.5195046
-1 -1.8675144
-1 -3.780393
-1 -2.7956056
-1 -3.5841317
-1 -0.29308174
-1 -3.1628626
-1 -3.7263949
-1 -3.0949894
-1 -1.7925997
-1 -1.9492892
-1 -3.7864191
-1 -5.4608106
-1 -4.3368115
-1 -2.0068683
-1 -2.2940694
-1 -3.3954067
-1 -3.0330563
-1 -3.1998871
-1 -2.4288129
-1 -2.3265252
-1 -3.3327669
-1 -2.5780667
-1 -4.4136077
-1 -2.9225792
-1 -0.94654677
-1 -5.2409589
-1 -4.4174677
-1 -1.9062383
-1 -3.594075
-1 -5.0280527
-1 -3.8653813
-1 -2.0865308
-1 -3.9497341
-1 -2.7617919
-1 -2.9287209
-1 -4.6945866
-1 -3.1004604
-1 -4.8186336
-1 -4.4349226
-1 -2.5246036
-1 -6.1724878
-1 -1.4368513
-1 -3.5600862
-1 -4.2125713
-1 -6.1561557
-1 -4.0006813
-1 -2.9011251
-1 -3.3555721
-1 -4.9191707
-1 -2.3787191
-1 -4.8092576
-1 -2.2656576
-1 -2.7504114
-1 -4.3382404
-1 -2.0909442
-1 -2.3630805
-1 -1.0866128
-1 -1.4937883
-1 -2.8872494
-1 -3.9749936
-1 -3.0346655
-1 -8.0683433
-1 -2.234182
-1 -1.5769984
-1 -1.1076449
-1 0.3522047
-1 -3.1501399
-1 -3.827195
-1 -0.68636523
-1 -4.972016
-1 -2.5990886
-1 -1.0529869
-1 -2.3271209
-1 -1.9692212
-1 -4.3063284
-1 -2.8395334
-1 -2.4749057
-1 -2.656451
-1 -3.9535912
-1 -3.4066279
-1 -2.0880727
-1 -2.1436546
-1 -3.4620209
-1 -2.5728102
-1 -3.5077532
-1 -3.0671284
-1 -1.4989975
-1 -5.2310129
-1 -3.4158548
-1 -0.4493067
-1 -0.77855372
-1 -3.7261731
-1 -3.1046576
-1 -5.245817
-1 -2.5125913
-1 -0.95825638
-1 -5.6948388
-1 -2.980001
-1 -5.8703129
-1 -2.8046299
-1 -4.0355543
-1 -1.9325944
-1 -2.6010214
-1 -1.7157951
-1 -3.8886716
-1 -3.1765961
-1 -3.9805027
-1 -4.7131275
-1 -2.3755456
-1 -3.5174967
-1 -1.4216563
-1 -1.8696461
-1 -2.2143761
-1 -3.6300274
-1 -5.4888194
-1 -3.2341543
-1 -1.2031853
-1 -2.8819131
-1 -3.3187022
-1 -1.8567255
-1 -4.0293509
-1 -0.73428131
-1 -2.2961202
-1 -4.0095622
-1 -3.544829
-1 -1.5887887
-1 -2.9760585
-1 -5.9567121
-1 -3.3845345
-1 -4.3205106
-1 -5.0604536
-1 -2.0803463
-1 -2.888256
-1 -2.523995
-1 -2.6194555
-1 -2.7743153
-1 -2.637326
-1 -4.0151249
-1 -2.6492289
-1 -3.2784884
-1 -2.4437485
-1 -3.4897556
-1 -2.3095685
-1 -1.8354424
-1 -3.0638916
-1 -3.8524203
-1 -2.3677376
-1 -3.0201804
-1 -3.3911979
-1 -2.36122
-1 -3.8961852
-1 -1.1505688
-1 -3.560425
-1 -2.4695922
-1 -3.1207291
-1 -2.870933
-1 -1.0430469
-1 -2.4218614
-1 -2.9969813
-1 -1.6592399
-1 -4.2601193
-1 -1.9538018
-1 -3.8217115
-1 -1.8800583
-1 -4.9129941
-1 -1.7036654
-1 -0.95946201
-1 -4.7633311
-1 -3.6801064
-1 -2.4390668
-1 -2.8045145
-1 -4.149025
-1 0.75210997
-1 -1.6252248
-1 -3.2284991
-1 -3.1558026
-1 -3.9232019
-1 -3.1753521
-1 -1.7077525
-1 -2.4316104
-1 -0.062687485
-1 -1.9354147
-1 -1.8215856
-1 -2.141344
-1 -2.3861723
-1 -3.0440974
-1 -2.2727099
-1 -2.4331405
-1 -1.9950335
-1 -4.1510449
-1 -3.2803847
-1 -3.3947878
-1 -2.353268
-1 -1.7495853
-1 -1.6767702
-1 -2.3169083
-1 -2.8743931
-1 -1.6107858
-1 -4.4352059
-1 -2.321205
-1 -3.9060863
-1 -1.8083185
-1 -1.4463032
-1 -4.786219
-1 -1.9140935
-1 -2.4722394
-1 -2.6567756
-1 -2.7944241
-1 -3.1075371
-1 -2.0837093
-1 -5.4642364
-1 -4.9327286
-1 -2.5865823
-1 -2.9134738
-1 -1.6513785
-1 -3.623102
-1 -3.5423165
-1 -3.0261971
-1 -3.5707774
-1 -6.1930328
-1 -3.52545
-1 -4.6111082
-1 -8.8298463
-1 -2.5224549
-1 -3.3129306
-1 -3.2251347
-1 -3.4093325
-1 -3.4997588
-1 -2.0868231
-1 -1.6121853
-1 -4.263321
-1 -2.1199955
-1 -2.8219105
-1 -3.0193212
-1 -4.0900149
-1 -3.9671911
-1 -2.6445058
-1 -1.5227608
-1 -3.0120528
-1 -2.6699561
-1 -1.9551127
-1 -2.7928589
-1 -3.5090341
-1 -5.0807243
-1 -3.6543111
-1 -1.3604129
-1 -5.3422341
-1 -2.6958052
-1 -4.5212526
-1 -1.7427329
-1 -3.6244593
-1 -2.8581461
-1 -3.6330941
-1 -1.2397129
-1 -4.0735927
-1 -3.6705278
-1 -7.2976804
-1 -8.7060495
-1 -3.5384901
-1 -3.7168556
-1 -8.3909176
-1 -2.229092
-1 -5.0246289
-1 -3.1355064
-1 -3.9179924
-1 -5.3124171
-1 -0.86578692
-1 -3.7611317
-1 -2.3643411
-1 -1.8665083
-1 -3.0503322
-1 -1.8120166
-1 -3.936561
-1 -3.945518
-1 -1.4431009
-1 -2.5076415
-1 -3.7373901
-1 -2.969592
-1 -1.8333124
-1 -4.1761316
-1 -0.32337118
-1 -3.5701484
-1 -2.6546874
-1 -3.842736
-1 -2.0113276
-1 -2.5832198
-1 -3.4932969
-1 -3.1885167
-1 -3.6872149
-1 -2.7816772
-1 -1.8076092
-1 -2.7731077
-1 -2.3419836
-1 -2.4679056
-1 -5.4791746
-1 -2.2665396
-1 -4.5284011
-1 -1.7792644
-1 -4.0215143
-1 -2.1375952
-1 -3.1798068
-1 -3.4588463
-1 -2.8774816
-1 -2.6245267
-1 0.12733003
-1 -2.9304728
-1 -3.692719
-1 -4.0220492
-1 -1.6667692
-1 -2.4497486
-1 -1.2764464
-1 -1.4289473
-1 -1.9347303
-1 -4.0001129
-1 -4.192086
-1 -6.9726608
-1 -3.2277697
-1 -3.8251791
-1 -3.5245278
-1 -4.2807493
-1 -4.8777598
-1 -2.7999795
-1 -3.429221
-1 -4.0831538
-1 -1.3096069
-1 -1.4523655
-1 0.55683643
-1 -2.5974173
-1 -2.6999086
-1 -2.2721267
-1 -3.9614455
-1 -4.9521748
-1 -3.1865489
-1 -2.4040832
-1 -2.6970139
-1 -1.8798119
-1 -1.752101
-1 -2.2165504
-1 -1.2311882
-1 -3.5817801
-1 -1.4396882
-1 -3.4783962
-1 -3.3758849
-1 -3.3593646
-1 -2.6689665
-1 -3.4985787
-1 -2.6530369
-1 -4.9590148
-1 -1.133102
-1 -2.9932408
-1 -2.4239963
-1 -4.1456365
-1 -3.1907027
-1 -3.7898431
-1 -2.228358
-1 -1.489118
-1 -3.9859872
-1 -5.1048283
-1 -3.4658962
-1 -2.6524116
-1 -2.2440116
-1 -1.6480629
-1 -2.54204
-1 -3.066808
-1 -4.0106029
-1 -2.7771349
-1 -1.461641
-1 -0.073881682
-1 -2.6416408
-1 -2.8522306
-1 -4.0020601
-1 -0.13824536
-1 -1.2838918
-1 -3.5526447
-1 -2.0870284
-1 -3.3961388
-1 -4.5407197
-1 -2.0755919
-1 -2.8156293
-1 -2.630437
-1 -4.3483893
-1 -1.933453
-1 -4.3337541
-1 -2.8336302
-1 -3.3525393
-1 -2.2794445
-1 -2.8414289
-1 -3.4923275
-1 -2.1386249
-1 -3.3603076
-1 -1.0901811
-1 -2.7078945
-1 -1.8951429
-1 -2.2818652
-1 -1.8246767
-1 -2.4627527
-1 -2.8944787
-1 -1.3600594
-1 -0.16986052
-1 -5.6069913
-1 -2.156967
-1 -1.5141803
-1 -5.179404
-1 -2.6537486
-1 -3.4461496
-1 -0.59166808
-1 -2.7536407
-1 -2.9651169
-1 -1.2904728
-1 -5.0642619
-1 -2.4118791
-1 -2.5300513
-1 -3.4390951
-1 -2.1192518
-1 -2.6283698
-1 -5.3223588
-1 -0.88032509
-1 -2.3837991
-1 -0.96892364
-1 -2.090373
-1 -2.4155488
-1 -2.3178818
-1 -2.0121783
-1 -4.8191317
-1 -2.5800874
-1 -6.3996234
-1 -2.8423083
-1 -3.0595211
-1 -3.2017071
-1 -3.3375956
-1 -5.120518
-1 -3.0199313
-1 -3.1179454
-1 -1.778763
-1 -2.1119223
-1 -1.3119901
-1 -2.4525057
-1 -4.495445
-1 -2.8324019
-1 -4.5436203
-1 -1.7588807
-1 -3.140904
-1 -4.1796404
-1 -1.7228014
-1 -3.1679495
-1 -1.695378
-1 -3.731515
-1 -2.8032962
-1 -0.90459411
-1 -1.9762934
-1 -7.1523075
-1 -3.6259154
-1 -5.181953
-1 -3.4049638
-1 -5.048504
-1 -2.5939416
-1 -1.8709985
-1 -4.216452
-1 -3.362105
-1 -3.0274411
-1 -3.2905093
-1 -1.0017129
-1 -2.2730403
-1 -3.0064472
-1 -5.2886438
-1 -2.2114758
-1 -2.7551864
-1 -3.5096515
-1 -1.3406248
-1 -3.5419984
-1 -2.6512221
-1 -3.4360771
-1 -4.5268708
-1 -1.0634413
-1 -4.3205152
-1 -1.7988696
-1 -4.6884463
-1 -0.078322649
-1 -4.636278
-1 -4.045502
-1 -2.338522
-1 -1.8744458
-1 -4.0220153
-1 -1.903238
-1 -2.1192514
-1 -4.8992434
-1 -3.3623656
-1 -3.5130209
-1 -3.8518798
-1 -3.2869582
-1 -1.7459478
-1 -5.2745037
-1 -2.9640929
-1 -2.0352255
-1 -3.4586618
-1 -4.1650177
-1 -2.856404
-1 -3.3362291
-1 -3.7978755
-1 -2.0044724
-1 -1.6987348
-1 -1.4413527
-1 -0.79770633
-1 -2.084378
-1 -2.7166471
-1 -3.0092219
-1 -4.3801406
-1 -2.6096355
-1 -0.96858371
-1 -6.1923803
-1 -3.8346779
-1 -3.8289352
-1 -1.7087092
-1 0.31739204
-1 -3.6347696
-1 -2.2778196
-1 -4.0104469
-1 -1.5718971
-1 -1.1889272
-1 -2.0928056
-1 -3.298084
-1 -5.2755897
-1 -3.4594599
-1 -4.2605998
-1 -4.0432685
-1 -5.1552414
-1 -3.3115997
-1 -5.6856054
-1 -2.9213078
-1 -2.7741931
-1 -1.6964959
-1 -3.1424059
-1 -7.3418912
-1 -5.7794121
-1 -2.9749289
-1 -4.8198209
-1 -6.7812536
-1 -2.9474597
-1 -4.688692
-1 -3.1477645
-1 -2.8336112
-1 -2.0174866
-1 -4.608873
-1 -5.3591385
-1 -2.429756
-1 -1.7872625
-1 -3.2320126
-1 -3.4103846
-1 -2.3947789
-1 -1.9663186
-1 -2.1531237
-1 -3.9797106
-1 -2.0712563
-1 -2.75603
-1 -4.1213979
-1 -2.3606023
-1 -2.4134874
-1 -1.8877397
-1 -2.4103519
-1 -1.1612115
-1 -4.0182896
-1 -2.8301649
-1 -3.621161
-1 -3.9801233
-1 -5.2871724
-1 -2.6407205
-1 -2.7115618
-1 -1.5826448
-1 -1.3695073
-1 -2.3799684
-1 -6.2844099
-1 -0.75102489
-1 -3.2546111
-1 -7.6811205
-1 -4.7729748
-1 -3.3064894
-1 -4.4415331
-1 -2.241309
-1 -2.4254345
-1 -2.1574197
-1 -2.0007138
-1 -2.5683719
-1 -1.6422051
-1 -7.427841
-1 -4.2778442
-1 -4.4560022
-1 -1.3221019
-1 -3.3937593
-1 -1.6011743
-1 -2.0791711
-1 -3.3028442
-1 -1.6673118
-1 -4.4323128
-1 -1.0895334
-1 -1.4479577
-1 -3.5838388
-1 -5.6144647
-1 -1.0136168
-1 -1.8710839
-1 -2.8509564
-1 -4.179873
-1 -1.0642056
-1 -3.1853198
-1 -4.0542266
-1 -3.175793
-1 -4.4363914
-1 -3.96037
-1 -6.7680639
-1 -3.8509053
-1 -3.0428345
-1 -3.1438101
-1 -1.1387832
-1 0.38311712
-1 -4.2566263
-1 -4.7368207
-1 -2.0524426
-1 -2.9111322
-1 -3.1311661
-1 -3.5148165
-1 -2.1026499
-1 -2.8555867
-1 -3.064519
-1 -2.0954551
-1 -3.3962944
-1 -2.3546132
-1 -1.9130418
-1 -3.471309
-1 -3.7799933
-1 -5.6566991
-1 -5.6274097
-1 -4.0811435
-1 -2.6243872
-1 -2.3008365
-1 -2.6950796
-1 -4.5446328
-1 -2.3235338
-1 -2.7667561
-1 -2.7171466
-1 -2.1047919
-1 -1.0976956
-1 -3.7920016
-1 -6.1228655
-1 -7.7864549
-1 -5.7361005
-1 -5.1433631
-1 -2.5206035
-1 -4.4990526
-1 -3.3943634
-1 -5.8784693
-1 -3.5323052
-1 -3.2130999
-1 -2.0763195
-1 0.38290079
-1 -2.4198718
-1 -2.3328559
-1 -3.6518489
-1 -1.9632772
-1 -2.9465449
-1 -1.0617989
-1 -4.3344189
-1 -2.4000545
-1 -2.9112344
-1 -2.724965
-1 -3.7288569
-1 -3.0208455
-1 -2.6986381
-1 -4.4691091
-1 -3.6193809
-1 -3.2770172
-1 -2.0067248
-1 -3.6658488
-1 -3.128211
-1 -2.633192
-1 -1.8854712
-1 -2.2065758
-1 -3.3429821
-1 -0.91329619
-1 -1.878108
-1 -1.8572698
-1 -2.9982721
-1 -5.0305354
-1 -2.4089124
-1 -1.3309955
-1 -2.0445198
-1 -2.3456115
-1 -2.3760412
-1 -4.2166343
-1 -2.5203894
-1 -2.0019799
-1 -5.9111265
-1 -1.6964232
-1 -1.5206549
-1 -1.0550692
-1 -3.2395572
-1 -3.791223
-1 -2.1957876
-1 -4.3403917
-1 -3.865209
-1 -3.0679096
-1 -3.239056
-1 -2.4947033
-1 -2.2748542
-1 -3.5766839
-1 -3.4444928
-1 -3.6750281
-1 -2.6305064
-1 -1.4290036
-1 -3.5833547
-1 -3.7336843
-1 -3.4336814
-1 -2.2473795
-1 -3.3697347
-1 -7.1303358
-1 -2.0163752
-1 -4.6469019
-1 -4.0390369
-1 -2.7113084
-1 -2.9655716
-1 -2.5281567
-1 -3.8005775
-1 -2.4577081
-1 -2.0944665
-1 -2.517238
-1 -0.88011907
-1 -2.4483867
-1 -3.2247088
-1 -2.4129535
-1 -2.4349489
-1 -3.654925
-1 -4.567325
-1 -3.3178743
-1 -4.493441
-1 -2.6490537
-1 -2.5915241
-1 -8.0334445
-1 -2.955321
-1 -3.386707
-1 -1.544578
-1 -1.6022339
-1 -1.0497017
-1 -5.138361
-1 -3.6472438
-1 -2.5696245
-1 -2.8530181
-1 -3.1880817
-1 -2.6051839
-1 -2.3386733
-1 -5.0106836
-1 -2.778072
-1 -0.8608444
-1 -2.633348
-1 -1.4258835
-1 -2.9865379
-1 -2.8816867
-1 -4.3940423
-1 0.20745253
-1 -2.6614097
-1 -1.7269633
-1 -4.597121
-1 -1.0491371
-1 -1.4380501
-1 -2.9486698
-1 -1.9559088
-1 -3.6229542
-1 -5.0651411
-1 -3.0770782
-1 -1.6145289
-1 -5.2573913
-1 -2.4240212
-1 -2.5719439
-1 -4.7072712
-1 -2.560477
-1 -3.356087
-1 -1.927449
-1 -5.0925621
-1 -3.088643
-1 -1.7877156
-1 -4.4081206
-1 -2.9326152
-1 -4.2918382
-1 -2.8720019
-1 -5.4709722
-1 -3.9910343
-1 -4.2379171
-1 -1.1636834
-1 -2.4987285
-1 -3.8263715
-1 -3.4049798
-1 -2.4195436
-1 -4.7708577
-1 -2.0655441
-1 -3.0832323
-1 -1.9901017
-1 -3.9357751
-1 -3.1180072
-1 -2.4922584
-1 -3.4773657
-1 -1.9540774
-1 -2.8890008
-1 -5.7006764
-1 -2.5448621
-1 -4.2897355
-1 -4.1613969
-1 -3.3746216
-1 -1.5881043
-1 -3.6829146
-1 -1.9002807
-1 -3.0463082
-1 -2.7862317
-1 -3.7368943
-1 -1.908014
-1 -3.7763814
-1 -0.62926498
-1 -1.7405325
-1 -3.6795313
-1 -4.2228895
-1 -1.6164675
-1 -2.9746695
-1 -1.3824916
-1 -1.096907
-1 -3.0134309
-1 -2.3759815
-1 -2.4056654
-1 -5.9521909
-1 -2.3529436
-1 -3.6200451
-1 -6.1421383
-1 -7.0697377
-1 -2.8021115
-1 -1.8842996
-1 -6.1837948
-1 -4.0220879
-1 -2.3620515
-1 -3.2860424
-1 -3.0986912
-1 -3.0775539
-1 -5.2474692
-1 -1.8019564
-1 -5.8166946
-1 -6.4546954
-1 -3.0389401
-1 -3.6980411
-1 -4.5520583
-1 -4.4144885
-1 -1.3617822
-1 -1.6903853
-1 -1.9711421
-1 -1.820371
-1 -4.8831239
-1 -6.3638734
-1 -2.5871579
-1 -4.6973486
-1 -4.714281
-1 -2.8537928
-1 -3.5522059
-1 -1.4009195
-1 -4.4421934
-1 -3.1185202
-1 -3.2747066
-1 -3.3980306
-1 -2.5826157
-1 -2.9175161
-1 -1.7457475
-1 -2.3347545
-1 -2.6182819
-1 -4.3208007
-1 -3.5499583
-1 -3.4039548
-1 -7.0236534
-1 -1.7902141
-1 -4.1922017
-1 -2.9485323
-1 -2.909946
-1 -3.4947162
-1 -2.5395618
-1 -4.942165
-1 -3.847538
-1 -1.288041
-1 -0.98845012
-1 -3.5879827
-1 -0.99130506
-1 -3.0880449
-1 -3.4865738
-1 -2.2629273
-1 -3.2497661
-1 -1.7656098
-1 -3.5635271
-1 -5.3618379
-1 -3.3400698
-1 -1.6954278
-1 -2.9879939
-1 -2.7548357
-1 -4.2383936
-1 -6.9549154
-1 -1.1839558
-1 -1.7169978
-1 -2.6877847
-1 -3.8155991
-1 -1.2823605
-1 -1.0214586
-1 -4.228452
-1 -3.1581044
-1 -3.8973786
-1 -2.3089496
-1 -1.6731345
-1 -3.4498347
-1 -1.6205747
-1 -1.787432
-1 -5.3391047
-1 -2.6765371
-1 -5.3256574
-1 -2.7976319
-1 -2.2954356
-1 -4.6305598
-1 -4.9361779
-1 -2.7717617
-1 -3.464394
-1 -2.3434716
-1 -2.8341586
-1 -5.4306773
-1 -4.2533386
-1 -1.0393925
-1 -1.6493358
-1 -4.6504078
-1 -2.670856
-1 -2.2302214
-1 -2.2747093
-1 -1.7607272
-1 -1.8216092
-1 -1.3462663
-1 -2.123604
-1 -3.7157512
-1 -5.6151239
-1 -3.2478988
-1 -1.5470232
-1 -2.0749753
-1 -6.2610017
-1 -1.9638032
-1 -3.5793227
-1 -2.2657058
-1 -8.2735132
-1 -3.306178
-1 -2.8373566
-1 -4.0685895
-1 -5.3044753
-1 -3.8524276
-1 -2.2760917
-1 -3.560708
-1 -5.4396484
-1 -1.3910864
-1 -2.4214349
-1 -2.6722937
-1 -3.7218897
-1 -2.9646552
-1 -3.4858325
-1 -4.6413349
-1 -3.3447474
-1 -4.5501761
-1 -6.4614477
-1 -5.6544747
-1 -4.3464298
-1 -1.3415189
-1 -2.8479069
-1 -2.9652062
-1 -2.6945565
-1 -4.7409427
-1 -5.8038276
-1 -3.1630555
-1 -4.7005479
-1 -0.5327483
-1 -2.2082229
-1 -2.7470032
-1 -3.4872261
-1 -4.3399332
-1 -3.7295012
-1 -8.5305688
-1 -1.5387812
-1 -2.1538037
-1 -0.64042594
-1 -2.1829756
-1 -1.8925041
-1 -5.5281941
-1 -0.93184837
-1 -4.5382446
-1 -3.1226008
-1 -2.6608154
-1 -3.2667247
-1 -0.94264573
-1 -2.9502959
-1 -4.456966
-1 -3.6061263
-1 -3.4960109
-1 -1.1739145
-1 -1.1491436
-1 -7.5636657
-1 -3.1715796
-1 -3.0949495
-1 -2.3395382
-1 -2.8949605
-1 -7.0037193
-1 -2.3550285
-1 -2.7313865
-1 -2.3985782
-1 0.082774857
-1 -3.7518729
-1 -3.8163416
-1 -5.9785882
-1 -2.7080213
-1 -1.7391039
-1 -2.562404
-1 -2.2737015
-1 -2.9806753
-1 -4.0962673
-1 -1.3932867
-1 -4.3239118
-1 -4.5028797
-1 0.72027041
-1 -7.5867598
-1 -8.2035093
-1 -3.1017692
-1 -4.966939
-1 -1.9365707
-1 -5.5181552
-1 -1.6937779
-1 -2.0661894
-1 -3.1174557
-1 -8.3923009
-1 -1.8279441
-1 -1.7908116
-1 -3.7369746
-1 -2.5394107
-1 -2.7880553
-1 -2.1714659
-1 -2.1987043
-1 -4.7370692
-1 -2.6409798
-1 -4.1630388
-1 -4.4017268
-1 -3.6745414
-1 -2.3475658
-1 -2.7532264
-1 -2.9924042
-1 -4.5775505
-1 -2.6151735
-1 -2.8766728
-1 -3.6496611
-1 -3.948811
-1 -2.7943826
-1 -3.3908092
-1 -2.1337473
-1 -3.0536503
-1 -4.0890855
-1 -3.7067839
-1 -2.6857169
-1 -2.0767671
-1 -3.1461469
-1 -3.6375782
-1 -1.9042093
-1 -5.2088362
-1 -1.3679342
-1 -2.5698856
-1 -0.20518155
-1 -3.8316521
-1 -1.889526
-1 -1.6670777
-1 -3.5836841
-1 -3.9188258
-1 -3.298202
-1 -2.7262756
-1 -1.7106451
-1 -5.8242687
-1 -2.508945
-1 -3.6622601
-1 -2.9507732
-1 -2.2451633
-1 -5.0385589
-1 -4.8745944
-1 -2.7169181
-1 -0.82359454
-1 -2.5307957
-1 -3.7917993
-1 -2.7330026
-1 -3.3260014
-1 -1.0792915
-1 -2.8630278
-1 -5.6501713
-1 -4.4866445
-1 -1.8684575
-1 -1.4264469
-1 -1.5205167
-1 -7.6985641
-1 -4.2356843
-1 -5.1166491
-1 -1.8122827
-1 -4.179298
-1 -1.1548051
-1 -5.4848958
-1 -4.2608991
-1 -4.1920386
-1 -2.2643597
-1 -2.150573
-1 -3.8598352
-1 -2.2380699
-1 -2.6540808
-1 -3.0762808
-1 -1.9688682
-1 -3.7993851
-1 -1.8252754
-1 -3.5233581
-1 -1.1641862
-1 -2.1822003
-1 -4.5634836
-1 -3.5794771
-1 -4.5204522
-1 -3.9970945
-1 -1.848632
-1 -1.2532099
-1 -1.1849564
-1 -1.4463877
-1 0.66071656
-1 -4.870186
-1 -1.7316916
-1 -1.7431601
-1 -4.8058302
-1 -3.1911383
-1 -2.200024
-1 -3.0015268
-1 -1.1769383
-1 -2.9706025
-1 -4.02256
-1 -3.0843014
-1 -3.3531929
-1 -6.7727781
-1 -3.579576
-1 -1.5979259
-1 -6.5748105
-1 -3.0057875
-1 -4.7491368
-1 -3.9763081
-1 -2.7649878
-1 -1.5450229
-1 -3.5647476
-1 -3.1448727
-1 -2.7611756
-1 -1.671758
-1 -7.7091814
-1 -5.9223182
-1 -1.0936753
-1 -4.8259515
-1 -3.0126835
-1 -2.4573109
-1 -4.7242287
-1 -2.4922841
-1 -3.0802478
-1 -2.4074126
-1 -1.5034494
-1 -3.3880816
-1 -3.7256508
-1 -4.6542231
-1 -3.1523181
-1 -2.9238234
-1 -2.8313547
-1 -2.3111328
-1 -1.8057527
-1 -5.2560401
-1 -4.5262121
-1 -3.7760208
-1 -3.0501948
-1 -2.8459071
-1 -3.6101118
-1 -1.1338091
-1 -1.6586672
-1 -3.8487582
-1 -2.2069658
-1 -1.7639028
-1 -1.5355625
-1 -2.6421028
-1 -1.2935901
-1 -6.0176048
-1 -1.2263158
-1 -2.9381326
-1 -1.4919329
-1 -0.12003564
-1 -2.1009481
-1 -3.3219068
-1 -6.5567931
-1 -3.3198962
-1 -2.5344791
-1 -0.42510288
-1 -1.8921873
-1 -2.7782917
-1 -2.7496907
-1 -3.5809235
-1 -3.1375938
-1 -1.9114238
-1 -3.4790865
-1 -3.1617512
-1 -3.124773
-1 -3.0856271
-1 -2.5080738
-1 -5.2114043
-1 -2.9679362
-1 -5.2205389
-1 -2.5881027
-1 -4.0043757
-1 -7.6258608
-1 -3.1128966
-1 -2.1184858
-1 -6.6523619
-1 -2.1699761
-1 -3.4386858
-1 -2.114269
-1 -1.148364
-1 -5.1940036
-1 -3.4457819
-1 -3.4218985
-1 -2.107485
-1 -1.7896364
-1 -1.694138
-1 -2.3404493
-1 -3.2237214
-1 -3.1914273
-1 -2.6705743
-1 -3.2452581
-1 -2.8579073
-1 -1.8629311
-1 -1.7325812
-1 -1.1449294
-1 -2.378977
-1 -4.9098761
-1 -2.9045956
-1 -4.2730584
-1 -3.6893905
-1 -3.1027556
-1 -1.9249722
-1 -0.74991743
-1 -1.2849742
-1 -1.8197098
-1 -2.2595533
-1 -2.212868
-1 -5.854868
-1 -3.9559166
-1 -3.3240441
-1 -4.3990374
-1 -3.5877591
-1 -4.8270765
-1 -3.0175395
-1 -4.193024
-1 -2.9242783
-1 -0.50203651
-1 0.25710046
-1 -3.8433536
-1 -0.95330215
-1 -3.2373621
-1 -8.1834452
-1 -1.5270922
-1 -1.4584016
-1 -0.53304308
-1 -3.7426637
-1 -2.5053088
-1 -3.6048163
-1 -4.3751711
-1 -2.054746
-1 -2.3132892
-1 -2.6139787
-1 -2.3510368
-1 -3.6265164
-1 -2.7615247
-1 -2.2596208
-1 -3.9257156
-1 -3.0436002
-1 -1.3664185
-1 -7.078393
-1 -4.4598271
-1 -3.8981957
-1 -0.52501384
-1 -5.045244
-1 -2.9724849
-1 -1.2470253
-1 -4.7903573
-1 -2.538268
-1 -2.3505672
-1 -4.1488397
-1 -5.9849531
-1 -4.9751628
-1 -3.8679855
-1 -2.900956
-1 -3.5677748
-1 -5.7592695
-1 -5.0309219
-1 -2.8614921
-1 -1.3178353
-1 -3.1428128
-1 -3.6479548
-1 -2.8938582
-1 -2.9826754
-1 -1.2741374
-1 -1.1358502
-1 0.18186451
-1 -2.5616381
-1 -1.7347294
-1 -2.1041098
-1 -4.7968704
-1 -3.6495833
-1 -1.891016
-1 -3.1285418
-1 -3.2170105
-1 -6.8931863
-1 -3.4919271
-1 -2.6964004
-1 -2.3598796
-1 -1.6429722
-1 -2.4087998
-1 -3.8487722
-1 -0.95766918
-1 -1.2307177
-1 -5.4207323
-1 -1.3161048
-1 -3.0330612
-1 -3.0570427
-1 -4.137441
-1 -3.5064736
-1 -1.2401423
-1 -1.9259206
-1 -1.1565191
-1 -2.8129469
-1 -1.8681836
-1 -4.3505673
-1 -2.6878209
-1 -3.379271
-1 -2.3906325
-1 -2.512765
-1 -1.1220805
-1 -1.4248228
-1 -4.2285483
-1 -2.1682472
-1 -5.7624121
-1 -3.2420589
-1 -1.7685999
-1 -4.1856306
-1 -4.8511281
-1 -1.0321002
-1 -4.7806603
-1 -2.3711281
-1 -1.4530111
-1 -3.4209087
-1 -4.4997938
-1 -3.0852032
-1 -4.2762026
-1 -2.5970843
-1 -3.7185748
-1 -1.3409488
-1 -3.5896954
-1 -3.4739051
-1 -1.8100472
-1 -5.7457611
-1 -3.8944849
-1 -1.614778
-1 -2.5707499
-1 -2.2622101
-1 -3.990563
-1 -3.6149911
-1 -1.8891551
-1 -3.2408392
-1 0.072033636
-1 -2.8998136
-1 -1.7748936
-1 -2.4777871
-1 -4.1997549
-1 -3.0462978
-1 -2.7247667
-1 -1.8670545
-1 -3.9891652
-1 -1.2219864
-1 -4.0046773
-1 -2.9985151
-1 -3.3868808
-1 -3.423965
-1 -2.8549678
-1 -3.6310344
-1 -1.6780777
-1 -2.0773272
-1 -2.7887715
-1 -5.955905
-1 -3.736319
-1 -5.4669682
-1 -4.3298264
-1 -5.592715
-1 -3.8158528
-1 -3.2852112
-1 -3.4425337
-1 -3.7368668
-1 -1.6354327
-1 -2.9231557
-1 -1.1134016
-1 -3.9826665
-1 -7.1268187
-1 -2.4979987
-1 -1.8722193
-1 -2.6192298
-1 -3.1114144
-1 -4.3762755
-1 -2.3479773
-1 -1.0840048
-1 -3.1966296
-1 -2.1225295
-1 -2.8260445
-1 -1.4423831
-1 -4.6301756
-1 -5.5623649
-1 -2.6260138
-1 -1.6286024
-1 -4.9961446
-1 -4.797826
-1 -2.3455129
-1 -4.2089221
-1 -1.7209537
-1 -6.0349519
-1 -1.5687945
-1 -2.4886151
-1 -2.7305276
-1 -0.56447882
-1 -2.3760374
-1 -7.4350411
-1 -4.4171074
-1 -0.47982891
-1 -2.5709314
-1 -3.0191677
-1 -2.0817215
-1 -5.9448135
-1 -2.2325483
-1 -2.2390035
-1 -4.1194529
-1 -1.1813477
-1 -3.6132446
-1 -2.0100769
-1 -1.8542528
-1 -3.3554234
-1 -0.81436422
-1 -4.3231061
-1 -3.8619827
-1 -2.9348098
-1 -3.64487
-1 -5.4465367
-1 -1.8575143
-1 -3.3733716
-1 -1.1750378
-1 -4.3710951
-1 -2.8082076
-1 -0.94536527
-1 -1.4798439
-1 -2.857586
-1 -3.52086
-1 -2.3010681
-1 -2.8644532
-1 -2.231062
-1 -1.2546673
-1 -0.22859605
-1 -5.289461
-1 -3.5760195
-1 -3.2460242
-1 -5.030223
-1 -2.3360828
-1 -3.9789697
-1 -0.6952444
-1 -2.7781175
-1 -3.5990556
-1 -1.8406706
-1 -1.0733074
-1 -3.3280361
-1 -5.3396051
-1 -6.2659348
-1 -1.4629165
-1 -2.0141737
-1 -3.2515469
-1 -1.7458761
-1 -2.4686691
-1 -1.2043788
-1 -3.7860419
-1 -1.8384608
-1 -1.9341777
-1 -4.254565
-1 -2.1430718
-1 -3.2456163
-1 -1.668428
-1 -6.0314517
-1 -1.6027107
-1 -1.3683453
-1 -3.1684914
-1 -5.9037497
-1 -3.4194835
-1 -2.7301651
-1 -0.92061468
-1 -1.9594922
-1 -1.5996747
-1 -0.8993022
-1 -3.1555695
-1 -2.691107
-1 -3.1625215
-1 -1.9743947
-1 -5.0296387
-1 -5.4225445
-1 -2.8698269
-1 -2.5669516
-1 -2.3121817
-1 -2.6252162
-1 -3.3132265
-1 -3.02646
-1 -0.014198462
-1 -3.4230333
-1 -2.5372134
-1 -3.1043225
-1 -2.5842918
-1 -2.5845598
-1 -2.5695978
-1 -5.1311041
-1 -3.2811627
-1 -5.1246631
-1 -4.5976913
-1 -3.6677926
-1 -8.3580018
-1 -3.6581588
-1 -4.5131515
-1 -2.3205548
-1 -2.5566254
-1 -5.4705237
-1 -2.5670778
-1 -3.9458992
-1 -3.3719103
-1 -1.4920874
-1 -2.1849225
-1 -3.7422639
-1 -1.7441095
-1 -3.0946051
-1 -2.6098776
-1 -2.8964016
-1 -3.3934915
-1 -4.199576
-1 -1.4438799
-1 -1.4308403
-1 -1.6704036
-1 -3.7734008
-1 -4.5737306
-1 -4.5738753
-1 -2.9500222
-1 -3.6215794
-1 -2.0730686
-1 -0.66430144
-1 -2.9697632
-1 -3.29702
-1 -7.1288563
-1 -7.9203287
-1 -4.444701
-1 -7.4243015
-1 -2.930975
-1 -5.9279387
-1 -7.078393
-1 -3.4759044
-1 -3.1950621
-1 -1.1735714
-1 -4.5504739
-1 -4.1284642
-1 -4.0440203
-1 -1.2230236
-1 -3.2328816
-1 -3.349408
-1 -6.8840484
-1 -4.6132171
-1 -2.6682457
-1 -1.9711224
-1 -4.0193106
-1 -3.6973278
-1 -1.4358534
-1 -4.511607
-1 -6.6600216
-1 -3.2176507
-1 -1.867175
-1 -4.4394058
-1 -1.9165183
-1 -2.1286436
-1 -3.3673359
-1 -2.9338135
-1 -2.0249271
-1 -2.8567299
-1 -3.9485422
-1 -1.9862764
-1 -4.6801725
-1 -1.7097759
-1 -3.7366805
-1 -3.5505608
-1 -3.8498971
-1 -4.3639386
-1 -4.4111239
-1 -1.0123909
-1 -5.6385303
-1 -4.7807601
-1 -1.0348564
-1 -2.6712805
-1 -6.5018657
-1 -5.6011257
-1 -3.3811224
-1 -1.6325066
-1 -0.62307856
-1 -2.8641657
-1 -2.6388437
-1 -1.3694772
-1 -3.590724
-1 -4.1694286
-1 -2.4017458
-1 -1.2074569
-1 -3.144563
-1 -3.8181203
-1 -4.1987396
-1 -5.1696088
-1 -2.9318586
-1 -4.4976688
-1 -2.3886283
-1 -1.7591912
-1 -3.0222211
-1 -3.1925505
-1 -4.1389346
-1 -3.4105492
-1 -7.6767006
-1 -1.9087133
-1 -1.9230464
-1 -3.634332
-1 -5.3896263
-1 -2.1062893
-1 -4.1259134
-1 -0.65365056
-1 -2.6706553
-1 -1.621508
-1 -3.1580011
-1 -3.0864581
-1 -0.78330849
-1 -4.9925694
-1 -2.4866376
-1 -2.5390178
-1 -3.2949891
-1 -2.6997563
-1 -1.3124329
-1 -3.4584363
-1 -1.8969246
-1 -3.5257798
-1 -5.1609071
-1 -1.5280468
-1 -3.7274256
-1 -1.7153302
-1 -2.3482328
-1 -3.5555271
-1 -3.1125115
-1 -2.7665263
-1 -1.8124008
-1 -4.7512488
-1 -1.6247206
-1 -3.6813376
-1 -2.6562278
-1 -2.4033675
-1 -0.92915869
-1 -2.2562994
-1 -3.6352452
-1 -6.7398129
-1 -1.7141643
-1 -2.4558465
-1 -4.1045877
-1 -1.3400117
-1 -2.8364258
-1 -3.3184429
-1 -1.1659502
-1 -4.844107
-1 -0.74986467
-1 -1.534239
-1 -4.2648704
-1 -1.9123397
-1 -2.4895774
-1 -3.3364191
-1 -1.9542346
-1 -2.7230398
-1 -2.6960109
-1 -3.4000673
-1 -1.7848866
-1 -3.4780228
-1 -2.2706515
-1 -1.1735834
-1 -3.7403246
-1 -3.9283337
-1 -5.628059
-1 -4.7214602
-1 -3.03766
-1 -3.2579163
-1 -2.8489934
-1 -5.6177067
-1 -1.7554761
-1 -2.0895554
-1 -2.3575634
-1 -3.6422185
-1 -4.1405821
-1 -5.4318433
-1 -3.5015603
-1 -5.5974192
-1 -1.2443953
-1 -2.9331643
-1 -3.7963003
-1 -1.6092124
-1 -4.3430741
-1 -2.294525
-1 -4.1546434
-1 -4.1307056
-1 -2.7323819
-1 -3.2589261
-1 -3.6889652
-1 -4.7315644
-1 -0.45205555
-1 -2.892665
-1 -0.66790759
-1 -4.256189
-1 -2.3365022
-1 -5.6449422
-1 -4.2386312
-1 -1.787929
-1 -2.9598458
-1 -2.4783969
-1 -2.2422849
-1 -1.8973948
-1 -5.9378494
-1 -3.3746437
-1 -4.0366631
-1 -3.9715478
-1 -2.3754209
-1 -0.34762654
-1 -3.4884077
-1 -3.5129564
-1 -3.1614796
-1 -3.6516142
-1 -2.6225733
-1 -1.0019248
-1 -3.9030878
-1 -2.4332947
-1 -3.4552822
-1 -2.01905
-1 -2.0669145
-1 -2.2864309
-1 -2.8030471
-1 -2.9895101
-1 -2.5943008
-1 -3.9772674
-1 -0.55068955
-1 -5.5214913
-1 -3.5848624
-1 -5.4885588
-1 -2.2630497
-1 -3.2618031
-1 -3.7460029
-1 -4.0263546
-1 -2.7267329
-1 -4.1320432
-1 -1.6377614
-1 -2.3428014
-1 -5.9565618
-1 -4.3259229
-1 -4.4082783
-1 -3.9933402
-1 -4.7644376
-1 -2.7715707
-1 -5.7927927
-1 -2.537831
-1 -3.2565884
-1 -2.6332089
-1 -1.8124116
-1 -2.4532709
-1 -3.1770315
-1 -2.2648498
-1 -2.8261174
-1 -3.3554128
-1 -2.4874313
-1 -2.4110999
-1 -3.732475
-1 -2.7481449
-1 -2.1675618
-1 -3.1688538
-1 -2.456583
-1 -3.5005769
-1 -2.126303
-1 -3.7826846
-1 -2.3784057
-1 -1.27148
-1 -3.9176455
-1 -2.6462817
-1 -6.870151
-1 -1.8623995
-1 -4.023014
-1 -7.7769316
-1 -1.7593787
-1 -4.0771679
-1 -4.318891
-1 -3.758704
-1 -5.5208912
-1 -2.4437484
-1 -2.4104925
-1 -1.4198778
-1 -3.7535472
-1 -2.2611576
-1 -2.8513835
-1 -1.5565536
-1 -3.9488027
-1 -1.743866
-1 -1.5906197
-1 -3.1443819
-1 -4.0388561
-1 -2.5544929
-1 -3.4906036
-1 -1.8930421
-1 -3.5316574
-1 -1.8428854
-1 -1.5298188
-1 -4.6834193
-1 -3.7107793
-1 -1.7387188
-1 -3.1040603
-1 -4.2036099
-1 -1.6077173
-1 -2.8148094
-1 -1.3840693
-1 -3.5177182
-1 -3.1520854
-1 -5.8957798
-1 -3.3889471
-1 -4.1445173
-1 -4.7275171
-1 -2.5926194
-1 -3.8516888
-1 -2.9898487
-1 -1.8044911
-1 -2.8785835
-1 -4.2937344
-1 -4.0145411
-1 -2.1628599
-1 -4.4051026
-1 -1.2482368
-1 -1.4068958
-1 -3.6327562
-1 -2.2644564
-1 -3.3927076
-1 -2.0179443
-1 -2.6520832
-1 -2.057629
-1 -3.3337035
-1 -6.1545824
-1 -2.7258915
-1 -3.2448631
-1 -2.4378987
-1 -2.7484981
-1 -1.4969049
-1 -1.0406213
-1 -3.3044041
-1 -0.66705023
-1 -4.0031975
-1 -2.3170932
-1 -4.444136
-1 -1.2131407
-1 -3.7742675
-1 -1.7138399
-1 -2.5818865
-1 -3.2587214
-1 -2.6592164
-1 -5.836271
-1 -2.4660712
-1 -4.4061346
-1 -3.5072808
-1 -2.560275
-1 -3.1284997
-1 -2.9207409
-1 -4.4314791
-1 -2.2099723
-1 -2.7880162
-1 -3.2291118
-1 -3.3514262
-1 -2.0718903
-1 -2.7138974
-1 -3.5681588
-1 -2.6656429
-1 -2.7345093
-1 -3.4950644
-1 -8.6135398
-1 -4.3671863
-1 -3.05635
-1 -3.6248504
-1 -1.5060397
-1 -4.1752061
-1 -3.9878525
-1 -2.9820636
-1 -2.2166992
-1 -2.3171605
-1 -6.1623101
-1 -4.8042481
-1 -4.1100999
-1 -2.6565179
-1 -5.0025865
-1 -4.5981092
-1 -5.0581804
-1 -5.195734
-1 -3.7073652
-1 -3.9926894
-1 -4.636028
-1 -1.8550853
-1 -2.5432602
-1 -2.2253444
-1 -2.2202709
-1 -2.745471
-1 -3.7906571
-1 -2.6609724
-1 -2.5787862
-1 -2.069714
-1 -4.5639788
-1 -1.6646527
-1 -5.3438819
-1 -2.1676768
-1 -3.6612447
-1 -3.8968487
-1 -2.2620923
-1 -3.8271952
-1 -3.5874135
-1 -2.3288766
-1 -2.5843828
-1 -2.1897055
-1 -0.44863701
-1 -3.0627947
-1 -2.2133754
-1 -2.9977093
-1 -2.1332155
-1 -6.84381
-1 -2.2903758
-1 -5.4637569
-1 -3.0255129
-1 -4.3167637
-1 -2.8541369
-1 -8.4571466
-1 -1.2253247
-1 -5.185323
-1 -0.83446643
-1 -0.84724557
-1 -1.1264183
-1 -2.8367351
-1 -5.1617609
-1 -4.0892201
-1 -3.898702
-1 -4.1690481
-1 -3.3543615
-1 -2.6900647
-1 -3.3835047
-1 -2.2827528
-1 -1.2882216
-1 -2.9139509
-1 -4.9745991
-1 -4.3859884
-1 -3.7522663
-1 -3.2364292
-1 -3.5658984
-1 -6.3839579
-1 -1.6286346
-1 -1.6132095
-1 -3.1374953
-1 -2.0983834
-1 -2.0726082
-1 -2.5546031
-1 -3.1308334
-1 -1.4243861
-1 -3.3953639
-1 -5.9550939
-1 -2.7084059
-1 -4.364998
-1 -4.5109904
-1 -4.5672913
-1 -3.8374495
-1 -4.1713593
-1 -3.3604655
-1 -0.94483444
-1 -3.0774062
-1 -1.7048051
-1 -3.159952
-1 -3.0256859
-1 -3.5589316
-1 -3.9546812
-1 -2.2898547
-1 -1.410858
-1 -5.1377525
-1 -2.8930394
-1 -1.6181857
-1 -2.3106186
-1 -2.045962
-1 -1.8943416
-1 -3.130262
-1 -3.0909451
-1 -3.8184148
-1 -1.3991756
-1 -5.3683252
-1 -1.3429305
-1 -3.3813673
-1 -4.6450275
-1 -2.6608118
-1 -2.9858662
-1 -2.5424273
-1 -2.8755086
-1 -2.3513016
-1 -2.9514076
-1 -1.0843096
-1 -3.1576007
-1 -2.4800772
-1 -5.5827143
-1 -1.8232383
-1 -2.4437677
-1 -2.9827553
-1 -4.7175783
-1 -2.4143905
-1 -1.1639264
-1 -2.1382017
-1 -2.8311899
-1 0.87954583
-1 -5.5053458
-1 -6.9826729
-1 -3.0045087
-1 -4.6809926
-1 -1.9377201
-1 -1.3273596
-1 -2.9274052
-1 -3.1145004
-1 -3.4637261
-1 -1.5897605
-1 -2.543908
-1 -2.7335929
-1 -3.5989733
-1 -3.8373896
-1 -1.5676415
-1 -4.0824079
-1 -2.7220213
-1 -1.3822263
-1 -3.9125624
-1 -2.2170479
-1 -1.7904002
-1 -3.9748152
-1 -4.487426
-1 -3.2958724
-1 -2.3264703
-1 -2.9329941
-1 -3.1835965
-1 -3.7662305
-1 -2.0107198
-1 -4.2035327
-1 -7.9028604
-1 -0.48280989
-1 -4.7610063
-1 -5.3099216
-1 -2.6108256
-1 -7.1774409
-1 -2.7660621
-1 -4.7626775
-1 -3.4619284
-1 -4.3376602
-1 -2.1776588
-1 -5.3829241
-1 -4.9568555
-1 -2.2215539
-1 -4.3036099
-1 -3.6472188
-1 -1.5561183
-1 -4.5081811
-1 -1.7265482
-1 -2.3984288
-1 -2.7648575
-1 -3.1521888
-1 -2.4887793
-1 -2.9732848
-1 -0.84811346
-1 -2.946713
-1 -4.1728869
-1 -2.275926
-1 -1.7574708
-1 -1.613662
-1 -3.9500395
-1 -2.0766812
-1 0.22317242
-1 -2.6862224
-1 -1.2348508
-1 -2.4284621
-1 -0.90236457
-1 -4.0824755
-1 -2.758078
-1 -1.9579481
-1 -3.1327875
-1 -2.7490719
-1 -2.1056056
-1 -2.5830241
-1 -2.8928558
-1 -4.1411693
-1 -1.3743172
-1 -3.1904646
-1 -2.3945014
-1 -2.9769901
-1 -1.4723313
-1 -3.7877981
-1 -3.0166512
-1 -2.429037
-1 -3.2443352
-1 -1.8343323
-1 -3.1579655
-1 -4.8728182
-1 -3.0456645
-1 -4.8682888
-1 -0.8875446
-1 -3.7538253
-1 -2.6955259
-1 -4.5487968
-1 -2.0438454
-1 -3.7082661
-1 -4.4372733
-1 -3.2933372
-1 -6.2813551
-1 -2.8242351
-1 -3.0230462
-1 -2.2962296
-1 -0.88127501
-1 -3.3658161
-1 -1.2317738
-1 -1.6703213
-1 -4.4327436
-1 -6.7356343
-1 -2.0829823
-1 -4.2769396
-1 -3.9435193
-1 -1.6857211
-1 -2.4804497
-1 -1.0128139
-1 -3.3055988
-1 -1.7773119
-1 -1.9820402
-1 -1.0376711
-1 -2.1463205
-1 -2.1835217
-1 -1.5799772
-1 -2.9589771
-1 -3.7856178
-1 -2.2240995
-1 -2.5164074
-1 -3.1450035
-1 -1.9561127
-1 -1.9029307
-1 -1.59287
-1 -4.7552636
-1 -2.7180561
-1 -6.3805398
-1 -2.2056008
-1 -3.2038407
-1 -3.9149641
-1 -3.9548621
-1 -2.2734034
-1 -3.2521307
-1 -3.0823803
-1 -3.0092955
-1 -3.0523289
-1 -3.4757579
-1 -3.840612
-1 -2.7546969
-1 -4.707706
-1 -1.1376397
-1 -4.4271506
-1 -3.6730882
-1 -4.9292472
-1 -1.5874326
-1 -2.5966093
-1 -2.6051724
-1 -1.0511987
-1 -1.7611989
-1 -1.4973576
-1 -2.8728429
-1 -5.5367733
-1 -0.91774098
-1 -3.8021051
-1 -3.7615551
-1 -5.6177344
-1 -4.8395755
-1 -2.8835286
-1 -2.4678815
-1 -2.2031749
-1 -1.7874605
-1 -2.9386842
-1 -4.8790097
-1 -3.9596406
-1 -3.3137725
-1 -1.8767025
-1 -4.1721304
-1 -7.0794811
-1 -2.1959488
-1 -3.0205295
-1 -2.6510184
-1 -2.0055419
-1 -2.5140568
-1 0.69500792
-1 -1.8316129
-1 -4.138058
-1 -5.7222325
-1 -4.2601005
-1 -2.2475646
-1 -1.9949535
-1 -2.3024284
-1 -3.1699595
-1 -2.9909011
-1 -5.1732026
-1 -3.7049971
-1 -2.9795724
-1 -3.0490167
-1 -3.8534104
-1 -4.4445846
-1 -3.6905908
-1 -4.4985217
-1 -5.3073729
-1 -2.2911917
-1 -3.5833452
-1 -2.6455277
-1 -1.6687327
-1 -4.8171272
-1 -5.4744068
-1 -2.4841878
-1 -2.4541393
-1 -2.8052371
-1 -2.944847
-1 -3.0539879
-1 -4.9810968
-1 -1.5156391
-1 -4.2898309
-1 -3.2136947
-1 -3.240532
-1 -2.5418743
-1 -7.3145669
-1 -2.7869911
-1 -3.7306788
-1 -2.3133895
-1 -1.0339318
-1 -3.5515908
-1 -4.247607
-1 -2.9127201
-1 -2.3312382
-1 -4.7795714
-1 -0.90060078
-1 -1.5458719
-1 -4.7428714
-1 -1.8553494
-1 -2.6201039
-1 -3.4926168
-1 -2.3086166
-1 -2.6157868
-1 -3.0501759
-1 -6.227076
-1 -2.7571376
-1 -3.509154
-1 -3.5019152
-1 -5.8179169
-1 -3.6567428
-1 -2.3943092
-1 -4.7978163
-1 -4.6053773
-1 -2.1347191
-1 -5.2499089
-1 -2.3432676
-1 -3.3990985
-1 -3.7097993
-1 -2.8484473
-1 -4.5235202
-1 -3.9988983
-1 -3.1869334
-1 -3.3319209
-1 -3.029995
-1 -2.5548654
-1 -4.8394958
-1 -7.3427623
-1 -3.8759911
-1 -3.1595532
-1 -2.4254225
-1 -2.2952046
-1 -4.9025837
-1 -1.6074317
-1 -1.4339375
-1 -1.0758164
-1 -2.4784562
-1 -2.9000872
-1 -2.8891167
-1 -3.4295006
-1 -3.3389182
-1 -0.72088784
-1 -2.4572752
-1 -3.9124427
-1 -2.4949681
-1 -2.4166113
-1 -3.9705001
-1 -3.0358127
-1 -2.9403612
-1 -3.7878457
-1 -7.078393
-1 -2.4076861
-1 -3.0678311
-1 -2.792411
-1 -2.3165779
-1 -2.1737931
-1 -1.3192315
-1 -1.2712363
-1 -3.3667708
-1 -1.7824321
-1 -2.0121737
-1 -1.9571662
-1 -2.2724669
-1 -1.9506717
-1 -3.0301991
-1 -6.2214301
-1 -3.9448255
-1 -1.5917894
-1 -2.1003589
-1 -2.228859
-1 -4.9777108
-1 -1.9610908
-1 -1.9136952
-1 -3.5652991
-1 -4.8243073
-1 -1.0216656
-1 -2.1576909
-1 -1.7940465
-1 -2.420118
-1 -3.9198201
-1 -3.6292242
-1 -5.0586677
-1 -4.9106677
-1 -2.1884358
-1 -3.3455593
-1 -4.2464931
-1 -3.2348777
-1 -2.7521766
-1 -4.1212708
-1 -4.8890395
-1 -3.4102519
-1 -5.3243284
-1 -6.3525954
-1 -3.1444774
-1 -0.26951817
-1 -3.8842267
-1 -3.7000646
-1 -2.7532278
-1 -1.7632671
-1 -3.3425452
-1 -4.0084996
-1 -4.4622578
-1 -2.4830208
-1 -3.1426056
-1 -3.4685097
-1 -5.693238
-1 -1.6968119
-1 -0.38141508
-1 -3.2043764
-1 -3.1013952
-1 -0.92883771
-1 -4.0498978
-1 -3.3638116
-1 -2.8956354
-1 -2.1495392
-1 -1.2701479
-1 -3.895399
-1 -3.6070477
-1 -1.9046007
-1 -1.5418994
-1 -1.4381738
-1 -2.5726932
-1 -1.4709301
-1 -1.6673049
-1 -1.647152
-1 -2.3135139
-1 -4.2515592
-1 -1.1171596
-1 -6.8333348
-1 -2.0848598
-1 -1.8981612
-1 -2.1923839
-1 -2.9881704
-1 -2.5683444
-1 -2.4562265
-1 -2.2963192
-1 -3.3845669
-1 -1.9936429
-1 -1.8072315
-1 -4.0766255
-1 -2.7621304
-1 -2.0987017
-1 -2.5312319
-1 -3.3737113
-1 -2.9739322
-1 -4.1767596
-1 -1.9445532
-1 -0.55288713
-1 -1.0616213
-1 -3.3041225
-1 -4.8354902
-1 -3.6765413
-1 -1.7760832
-1 -3.2454693
-1 -0.80891757
-1 -3.4991746
-1 -4.0812688
-1 -5.2241492
-1 -2.0794224
-1 -4.0511866
-1 -2.4490992
-1 -2.6293445
-1 -2.5849358
-1 -2.2113193
-1 -1.3711825
-1 -3.6345173
-1 -4.1544532
-1 -3.0980881
-1 -1.7531647
-1 -2.4665335
-1 -3.0877722
-1 -2.9963999
-1 -6.6263594
-1 -1.9469937
-1 -2.3093532
-1 -4.3531269
-1 -3.5505361
-1 -3.3884641
-1 -5.0031425
-1 -2.6870939
-1 -1.9001669
-1 -2.224742
-1 -2.9998511
-1 -3.9023574
-1 -2.2155771
-1 -3.5370534
-1 -2.7668261
-1 -2.2785415
-1 -1.3668483
-1 -3.4853705
-1 -4.0862697
-1 -6.0201056
-1 -4.1483098
-1 -3.9076914
-1 -0.95128288
-1 -1.871238
-1 -3.694991
-1 -5.7145248
-1 -3.4260802
-1 -2.7879798
-1 -3.6294707
-1 -2.6787727
-1 -4.1411201
-1 -2.3654023
-1 -3.2303828
-1 -2.8577181
-1 -3.0513248
-1 -4.318514
-1 -1.6009099
-1 -4.0244124
-1 -1.5906606
-1 -2.2466041
-1 -3.7654063
-1 -2.031058
-1 -5.0650611
-1 -4.5984012
-1 -4.3387305
-1 -3.5063411
-1 -1.5558597
-1 -2.4857518
-1 -2.8875258
-1 -1.6902845
-1 -2.1181804
-1 -2.5785178
-1 -3.1513437
-1 -2.7874923
-1 -1.9430513
-1 -4.0726152
-1 -4.1059609
-1 -7.6283374
-1 -4.4503012
-1 -3.6331016
-1 -1.7761708
-1 -0.42284849
-1 -4.7957568
-1 -0.018151833
-1 -1.9438872
-1 -1.6129168
-1 -1.1072961
-1 -4.6954514
-1 -1.570623
-1 -2.3459448
-1 -1.8151445
-1 -4.6911515
-1 -4.7013341
-1 -0.79558888
-1 -4.0859275
-1 -2.6970192
-1 -6.6611294
-1 -3.3743958
-1 -9.278812
-1 -3.3460161
-1 -4.1466811
-1 -5.2933892
-1 -2.1908178
-1 -3.0881365
-1 -2.5511004
-1 -0.9922067
-1 -4.9417343
-1 -4.3024399
-1 -5.252885
-1 -2.8639665
-1 -1.9301136
-1 -2.5212407
-1 -2.819269
-1 -4.3020681
-1 -4.2102281
-1 -5.1099265
-1 -3.1620234
-1 -2.0448434
-1 -0.60894782
-1 -5.0710227
-1 -3.3971842
-1 -3.9273316
-1 -2.3687849
-1 -2.8842674
-1 -4.584921
-1 -2.9538901
-1 -3.6502196
-1 -0.76955254
-1 -4.7903973
-1 -2.6447783
-1 -4.2596682
-1 -3.2114151
-1 -2.3561266
-1 -2.8016337
-1 -1.0361918
-1 -6.2542351
-1 -3.3649803
-1 -1.887316
-1 -2.4119795
-1 -1.8374949
-1 -2.9311977
-1 -3.7975628
-1 -2.7757922
-1 -2.0797704
-1 -1.2939467
-1 -1.7944511
-1 -2.2008237
-1 -3.2061637
-1 -4.4961812
-1 -1.3793787
-1 -2.5447777
-1 -4.3708734
-1 -1.4834343
-1 -2.6220203
-1 -2.0378884
-1 -2.9477412
-1 -3.0629823
-1 -1.0990525
-1 -1.9744191
-1 -3.2033885
-1 -3.9862809
-1 -5.2528239
-1 -1.268463
-1 -2.6956214
-1 -2.9157287
-1 -2.5830313
-1 -1.7460205
-1 -2.369743
-1 -2.3942182
-1 -4.2346644
-1 -1.9746968
-1 -2.0813106
-1 -2.0115107
-1 -2.5630382
-1 -2.5278278
-1 -4.145671
-1 -4.6168438
-1 -2.7453034
-1 -3.1148321
-1 -1.030801
-1 -2.4913414
-1 -2.509192
-1 -3.6881483
-1 -1.9071701
-1 -4.0038426
-1 -2.5636139
-1 -3.3497158
-1 -3.8107584
-1 -1.5712342
-1 -3.6097816
-1 -1.9849589
-1 -2.8382293
-1 -1.6839078
-1 -2.2704873
-1 -1.3106213
-1 -3.6075472
-1 -3.2161426
-1 -2.7994083
-1 -4.017756
-1 -5.0307328
-1 -3.1904684
-1 -1.8524752
-1 -1.0849958
-1 -2.747634
-1 -0.43130819
-1 -0.42288426
-1 -2.7942694
-1 -3.1281624
-1 -4.6591727
-1 -1.640124
-1 -4.7426061
-1 -0.44550287
-1 -2.4977318
-1 -4.4656763
-1 -2.2315177
-1 -1.8368848
-1 -3.8689332
-1 -2.1710592
-1 -4.6215982
-1 -3.3323997
-1 -1.9983627
-1 -1.9983487
-1 -5.9830772
-1 -3.5838778
-1 -2.0793303
-1 -2.3834792
-1 -4.9632576
-1 -2.1876407
-1 -4.9051568
-1 -1.2498293
-1 -1.5744919
-1 -3.5052718
-1 -2.5862533
-1 -2.8166804
-1 -1.086879
-1 -2.1527102
-1 -3.2898505
-1 -2.7179935
-1 -2.6859109
-1 -1.5776706
-1 -5.7505392
-1 -3.6995493
-1 -2.6643115
-1 -3.0659939
-1 -2.1510206
-1 -2.2889139
-1 -5.3911781
-1 -4.7238109
-1 -3.4240944
-1 -3.9107221
-1 -3.7482607
-1 -2.6334011
-1 -1.6648054
-1 -1.4028884
-1 -3.8155119
-1 -4.342506
-1 -3.3097362
-1 -0.66453221
-1 -7.2429447
-1 -3.1234522
-1 -2.0909999
-1 -3.9804389
-1 -5.1849526
-1 -3.6219727
-1 -2.3206045
-1 -4.4686732
-1 -1.9950644
-1 -4.3080651
-1 -5.1011724
-1 -4.2530989
-1 -2.3329148
-1 -2.3118261
-1 -4.7496331
-1 -2.7807002
-1 -2.8362107
-1 -1.8426495
-1 -1.8921653
-1 -0.81934891
-1 -2.3945648
-1 -6.1840974
-1 -1.3608849
-1 -0.94837285
-1 -3.0005122
-1 -4.2727984
-1 -2.5802439
-1 -2.229217
-1 -2.2030819
-1 -2.9751387
-1 -2.4796389
-1 -4.7978679
-1 -3.0799385
-1 -3.5693482
-1 -0.85520724
-1 -1.8337677
-1 -2.8749142
-1 -2.1570459
-1 -2.3381373
-1 -0.53963484
-1 -2.7556987
-1 -3.647738
-1 -2.974563
-1 -0.96277409
-1 -3.1925137
-1 -2.928926
-1 -4.4397804
-1 -3.0012817
-1 -3.4893225
-1 -2.5223918
-1 -2.5667774
-1 -1.8582256
-1 -2.5489849
-1 -1.9642743
-1 -1.7533474
-1 -1.9945483
-1 -4.7333403
-1 -3.7853702
-1 -3.9443176
-1 -7.3042598
-1 -0.99872606
-1 -4.3936236
-1 -2.0714222
-1 -2.4956471
-1 -3.7539376
-1 -2.6146898
-1 -3.1970168
-1 -0.071724568
-1 -2.7327185
-1 -3.5441768
-1 -1.7919781
-1 -4.0360274
-1 -2.1096536
-1 -4.2426246
-1 -1.093833
-1 -3.3854138
-1 -3.867312
-1 -4.4346597
-1 -3.0972005
-1 -3.5891144
-1 -3.1946929
-1 -4.97415
-1 -2.691145
-1 -2.4925685
-1 -1.5578279
-1 -2.580798
-1 -4.5198511
-1 -4.5375935
-1 -3.0533464
-1 -4.0302363
-1 -6.0447359
-1 -4.1764117
-1 -2.3960276
-1 -3.8644509
-1 -0.76760768
