1 3.7040523
1 4.5895369
1 2.3343054
1 2.441766
1 0.8189674
1 2.762749
1 4.9246932
1 2.3652174
1 2.5727049
1 4.2982939
1 2.6104785
1 2.1336618
1 3.4674362
1 3.2573477
1 1.5931369
1 2.5214672
1 4.1012118
1 -3.3865023
1 1.0544881
1 1.892415
1 1.4542643
1 3.2233401
1 3.3994769
1 3.5846515
1 3.7645243
1 0.76666544
1 -0.40176321
1 2.5966061
1 1.2130864
1 1.1170907
1 1.1491442
1 3.3696049
1 0.16308332
1 2.3233144
1 1.573151
1 1.8579176
1 0.75138698
1 2.0059261
1 3.199457
1 2.1865195
1 2.1735843
1 2.6403501
1 2.9240491
1 4.0246911
1 1.3626329
1 1.4685158
1 2.3681773
1 0.077000352
1 1.1947789
1 0.87179658
1 2.3931108
1 2.2708142
1 1.3021173
1 1.3384247
1 0.57925222
1 2.0676861
1 0.94068295
1 2.1261443
1 3.3938484
1 0.57801588
1 3.0088015
1 0.78208001
1 1.1831254
1 1.4898328
1 1.4139223
1 2.7685515
1 2.6744518
1 2.1545885
1 3.5271539
1 3.8271403
1 0.86201372
1 1.4138092
1 0.97994365
1 1.5539772
1 1.8083817
1 2.0305459
1 0.56690857
1 -0.49849631
1 2.8785405
1 4.2030185
1 0.1088435
1 3.7946885
1 2.3697842
1 2.2382959
1 1.1474091
1 -0.12721575
1 4.1484718
1 0.99342367
1 1.2853456
1 2.6289658
1 2.0285153
1 1.6846603
1 -0.91487208
1 1.6127643
1 -0.69722053
1 1.4609039
1 3.3507814
1 1.2023747
1 3.039075
1 0.74857443
1 0.183304
1 3.174022
1 2.5755604
1 0.84950874
1 3.2397236
1 2.9549753
1 2.8814435
1 0.91904127
1 2.688961
1 3.5963818
1 0.40805713
1 0.30968978
1 0.12270319
1 3.2862406
1 1.7214355
1 1.8568728
1 1.3546015
1 1.833781
1 2.6934706
1 3.7529806
1 3.4394874
1 0.96111171
1 2.3825982
1 3.0474952
1 2.8041907
1 1.7212508
1 1.6285232
1 3.7995631
1 2.5298754
1 -0.23081804
1 2.1627816
1 1.4987819
1 3.5887961
1 3.1029679
1 -1.4263344
1 0.78720895
1 -0.32541153
1 1.0237119
1 2.177893
1 2.6563544
1 0.85385232
1 1.9033491
1 1.6803715
1 3.4338602
1 1.2230731
1 1.4647958
1 2.3004579
1 1.8977055
1 1.7494754
1 2.1176791
1 3.9042688
1 4.215584
1 2.4902792
1 -0.61125076
1 1.4260375
1 -0.403477
1 0.85668602
1 1.5032356
1 -1.0641906
1 1.1304034
1 3.6857847
1 -0.89448197
1 2.6235648
1 1.40801
1 2.9091528
1 3.1146713
1 0.57593074
1 2.4902069
1 3.840285
1 4.8970213
1 3.570747
1 1.2519366
1 3.8714209
1 1.8440038
1 2.8498828
1 2.641205
1 3.2123915
1 0.14554211
1 0.16610341
1 1.4850649
1 2.1627007
1 1.1599447
1 4.1244701
1 3.3445573
1 4.3799227
1 1.4986376
1 2.9272586
1 2.5225922
1 4.2040334
1 3.7645658
1 1.394524
1 1.491898
1 3.6226241
1 2.9559025
1 2.7589921
1 2.7122259
1 0.22960628
1 3.279541
1 2.5050964
1 2.6763201
1 2.8298812
1 1.7269327
1 3.6426845
1 3.298984
1 3.0247014
1 2.790864
1 3.3908929
1 0.36678836
1 4.5263158
1 3.2340507
1 1.0793638
1 1.6791
1 0.98354481
1 2.3015443
1 -0.62128139
1 2.1583274
1 2.722614
1 3.0240978
1 5.2694875
1 4.5647753
1 2.5011694
1 0.51802746
1 3.9931971
1 3.6854442
1 2.5366575
1 4.1215731
1 3.5680518
1 -3.138611
1 1.3529066
1 1.6104584
1 4.7767588
1 3.8410629
1 -1.1982137
1 4.364266
1 5.8818023
1 1.7418621
1 3.3503303
1 1.4774514
1 1.4249011
1 3.5909133
1 1.9373636
1 3.0191911
1 4.8693085
1 2.7610564
1 3.2632136
1 2.9846299
1 3.1919608
1 3.0656551
1 2.3758121
1 1.021231
1 3.9123523
1 1.9070452
1 2.5182538
1 2.1437923
1 3.5419708
1 4.0497702
1 3.5960373
1 3.8008241
1 2.6995775
1 4.1164191
1 3.2909715
1 3.2309076
1 0.3893957
1 1.121469
1 3.234154
1 -2.2106185
1 4.274552
1 3.9401476
1 4.2577606
1 0.39642557
1 3.2108189
1 3.9176779
1 3.3202774
1 5.9824712
1 0.28028931
1 1.6623613
1 1.4406166
1 2.6977602
1 0.51090429
1 2.6235835
1 3.6083195
1 1.3789024
1 2.2020891
1 2.7196811
1 2.7816832
1 3.7283227
1 4.207952
1 5.0812187
1 2.5915704
1 1.1616416
1 0.37621969
1 1.9986865
1 4.0422093
1 3.7786946
1 4.6269878
1 4.8580941
1 4.8275947
1 4.8483945
1 2.3377941
1 3.4363761
1 1.7319466
1 0.22056139
1 -0.18263896
1 1.7900454
1 1.6541973
1 4.0471789
1 4.0615429
1 1.8888656
1 1.6017223
1 2.2120318
1 4.2885324
1 1.3568596
1 0.90232766
1 0.06581907
1 3.127573
1 2.8431874
1 2.3995056
1 4.8125933
1 2.3038602
1 1.1401681
1 0.26702535
1 0.70123084
1 2.521031
1 4.9759566
1 4.425147
1 0.89986094
1 2.7480186
1 -0.48532
1 0.5254928
1 3.2263277
1 2.7771112
1 1.8329554
1 2.1844548
1 1.1175487
1 0.65123992
1 0.52444343
1 2.4318804
1 2.1968781
1 4.4986048
1 3.0905895
1 1.0150957
1 3.9135966
1 2.4768962
1 1.7976395
1 2.1174587
1 1.9227221
1 0.78783457
1 2.5480264
1 5.5214489
1 3.2688675
1 3.4902268
1 1.7634069
1 1.8301946
1 1.7741727
1 2.8163809
1 3.5395523
1 3.4423093
1 2.5767743
1 0.95154667
1 3.651539
1 1.644818
1 0.82623565
1 5.3719311
1 0.88726518
1 4.7775395
1 1.5136448
1 2.1484521
1 1.0717866
1 5.2732224
1 3.0760417
1 5.1824367
1 1.0068658
1 2.5892249
1 0.28340308
1 4.4229728
1 4.8302861
1 3.128401
1 3.7779373
1 2.7729554
1 2.17744
1 2.2900614
1 1.0133648
1 4.3072369
1 1.9806211
1 3.6299443
1 4.3645223
1 2.0027879
1 2.493535
1 1.9662297
1 1.796719
1 2.8271036
1 3.217501
1 3.1242448
1 2.9541764
1 2.6601212
1 1.5908883
1 2.3583418
1 4.4560728
1 0.44586377
1 4.3381227
1 1.5899984
1 5.2013601
1 4.8200564
1 1.9293496
1 1.8170581
1 2.9497172
1 3.6176256
1 3.3788235
1 1.7059127
1 5.145566
1 5.1717852
1 3.6344171
1 3.6427659
1 2.9064924
1 -0.55680004
1 4.6050998
1 3.4147746
1 4.2365506
1 1.2982215
1 2.3689693
1 1.6005053
1 1.6176672
1 2.5514778
1 -0.31435245
1 2.0008137
1 2.9575954
1 1.3820217
1 -1.2434397
1 -0.29077948
1 0.5726711
1 3.1989826
1 1.70703
1 2.1170604
1 0.98666861
1 0.71094363
1 -1.284577
1 1.6032105
1 0.31127246
1 -1.0913004
1 0.5270523
1 2.4428583
1 -0.20028155
1 0.33170162
1 2.3649492
1 0.68598407
1 1.7564412
1 0.90896578
1 0.53254065
1 0.041934152
1 0.37232997
1 0.60441926
1 4.4352282
1 0.74772376
1 2.7544868
1 1.1902893
1 2.3787081
1 0.31884272
1 0.72966303
1 0.68874228
1 0.53248319
1 0.58778959
1 -0.037694666
1 0.84833654
1 3.9628004
1 0.23646518
1 0.78617463
1 5.131257
1 0.7733347
1 -0.87846424
1 3.6333979
1 1.4208508
1 1.6662332
1 1.5499865
1 0.91334827
1 0.36159002
1 2.14763
1 0.47591725
1 0.52367497
1 2.4899745
1 1.2717917
1 1.0919049
1 1.2252971
1 0.87291515
1 3.448864
1 1.08373
1 0.0061321854
1 1.2718677
1 2.1688723
1 0.53086182
1 2.1551794
1 -0.00049975516
1 1.8053004
1 0.1307941
1 0.48211695
1 0.0012111237
1 -1.0859348
1 2.5369461
1 0.58921316
1 0.64263744
1 2.2539452
1 -1.0671293
1 0.71200998
1 0.53488213
1 1.8855842
1 1.392383
1 1.0221065
1 3.9619032
1 0.27428058
1 0.60619654
1 0.40697267
1 -0.31788377
1 2.4538531
1 2.8555508
1 0.20968576
1 0.98398921
1 2.5513652
1 0.69967204
1 2.1029903
1 2.4153564
1 2.6336041
1 2.1866737
1 1.5909601
1 0.49601746
1 0.54590544
1 4.2847497
1 2.3005961
1 3.5256514
1 0.50327187
1 2.2478709
1 3.2232331
1 3.7711966
1 4.0363108
1 2.3361861
1 3.3698006
1 6.7155365
1 -1.7557413
1 2.1003321
1 4.0166941
1 5.369282
1 5.0169296
1 2.1939103
1 4.6332518
1 3.6467203
1 2.4453958
1 1.2667415
1 0.12200796
1 2.6511041
1 3.8869441
1 2.3003759
1 1.7069913
1 2.2330098
1 1.5624536
1 2.7647413
1 1.5450233
1 3.2846844
1 4.1521624
1 2.7301303
1 2.0967686
1 3.8044025
1 4.8086068
1 1.1581988
1 1.8155535
1 2.365635
1 0.91556498
1 2.3188894
1 1.9421506
1 2.8978231
1 1.7600091
1 1.6803459
1 3.497737
1 1.0433609
1 3.7553413
1 1.7297879
1 2.1173187
1 1.0677157
1 3.7845866
1 0.36433356
1 1.7575018
1 1.5216365
1 2.2929522
1 1.6165236
1 2.9607643
1 -0.15251625
1 0.45693168
1 2.1502571
1 1.1119692
1 3.2686318
1 -1.0535853
1 3.2305964
1 0.75434789
1 1.348697
1 1.1820338
1 2.0198916
1 0.53388298
1 1.8670449
1 4.6149403
1 0.49954385
1 1.7083739
1 4.025086
1 -0.97456753
1 1.2373597
1 1.2384613
1 0.66293954
1 1.7213848
1 0.83888252
1 2.9915607
1 0.42340743
1 2.3821362
1 2.6488948
1 1.9598018
1 1.9123681
1 3.1057219
1 -0.92144833
1 1.1381757
1 0.5734087
1 0.43093347
1 -0.99530029
1 5.9160861
1 1.7113022
1 3.6479624
1 3.9360869
1 1.4853569
1 -0.54454952
1 1.6248376
1 0.38533191
1 -0.37219459
1 2.7895638
1 3.4287536
1 2.1538789
1 -0.6663393
1 2.2749434
1 1.1515681
1 1.3701626
1 1.4120435
1 1.8481579
1 5.147003
1 4.0495942
1 3.2936871
1 3.8276367
1 2.4997096
1 0.79387661
1 1.5213141
1 2.1350974
1 2.9074923
1 2.2171931
1 1.0473087
1 1.7322069
1 1.8820801
1 3.0767613
1 2.4626762
1 4.8414921
1 1.967826
1 3.2226063
1 1.7943498
1 0.52094976
1 2.8430755
1 2.8967193
1 1.6490717
1 3.8822496
1 1.5691287
1 1.4637884
1 2.1049183
1 2.5957995
1 -0.75661997
1 3.6827027
1 3.355989
1 1.7562985
1 1.9848468
1 1.6686372
1 1.7230617
1 1.8893409
1 2.6729316
1 1.6315052
1 -0.63517152
1 1.2484631
1 1.6523999
1 1.7287604
1 0.08392992
1 4.1079558
1 1.2371329
1 0.4697635
1 2.4554043
1 2.1997692
1 2.3814422
1 0.37246224
1 2.8808843
1 -0.027537397
1 2.4337538
1 2.971425
1 0.68043861
1 0.54599934
1 3.2631032
1 2.4495228
1 3.5830888
1 3.0029358
1 2.6123932
1 0.6657622
1 2.5079008
1 1.3919737
1 3.1377067
1 3.6377511
1 2.1869066
1 0.028746417
1 2.4752348
1 1.5658984
1 1.4049192
1 1.9953896
1 0.13537066
1 1.5781235
1 2.2804996
1 3.4639704
1 0.73973274
1 0.57121666
1 3.1981138
1 3.2524341
1 3.0718031
1 0.90766758
1 -0.86752103
1 1.1863098
1 2.7528276
1 1.1261966
1 1.7565457
1 3.1384482
1 -1.564114
1 0.67089009
1 0.37968788
1 4.3032578
1 3.1738362
1 1.2064763
1 1.3944026
1 1.8007799
1 2.5697856
1 4.036341
1 -0.4965963
1 2.2091032
1 0.5038077
1 0.52405334
1 1.3562987
1 0.23724911
1 2.5305273
1 1.9284737
1 0.58780086
1 0.68208203
1 -0.14737545
1 0.14179294
1 -0.021557814
1 0.76178236
1 0.52403423
1 2.0072228
1 -0.70651674
1 0.54048042
1 -0.94778429
1 1.7282038
1 1.2622691
1 1.5518692
1 3.0532827
1 1.5442657
1 3.3112875
1 1.0769882
1 3.2193018
1 2.6438182
1 3.9194253
1 2.7111357
1 3.5539322
1 2.945652
1 2.040525
1 2.4798137
1 2.5424612
1 0.54833981
1 0.66752567
1 3.5714431
1 2.3181213
1 0.050520047
1 1.706109
1 0.96740687
1 2.3611229
1 2.3389337
1 1.3471076
1 1.6580252
1 0.17190341
1 -0.19560094
1 1.2164389
1 1.822263
1 2.8869064
1 2.0616046
1 -0.035967527
1 2.9501699
1 2.6165637
1 2.860177
1 1.713335
1 0.1158901
1 4.316369
1 4.8136698
1 0.54807806
1 -0.19361281
1 -0.47337453
1 1.7881044
1 3.6196616
1 3.6396779
1 2.7979604
1 3.5703172
1 2.0589133
1 2.3198221
1 1.1696458
1 1.9004464
1 1.6763025
1 5.0294359
1 3.0371067
1 2.0118723
1 3.3599486
1 0.33543337
1 1.9979171
1 2.431347
1 1.232179
1 0.47982025
1 1.1600075
1 1.7732675
1 1.7224177
1 2.3619236
1 0.39401604
1 1.8224216
1 3.3281349
1 3.8381113
1 0.79635827
1 1.8299501
1 -0.11265353
1 3.4214115
1 4.4104217
1 0.75282335
1 3.20906
1 2.8557231
1 1.7825804
1 0.83718521
1 1.1633663
1 4.1242601
1 1.0271327
1 2.4914309
1 -0.44736667
1 3.1608268
1 1.6578348
1 5.6436131
1 2.9031351
1 0.68843642
1 3.4738153
1 0.90141813
1 3.3445807
1 4.455766
1 1.4376715
1 3.0533272
1 0.17308433
1 1.1460185
1 3.5575789
1 1.0863376
1 4.439246
1 4.5401733
1 3.6483081
1 2.8915454
1 3.7594443
1 2.2884837
1 0.31920848
1 0.79703612
1 1.8038775
1 4.4891572
1 1.5717763
1 2.6524851
1 1.2191206
1 3.7472736
1 5.0165764
1 3.6847971
1 3.6450233
1 2.6183795
1 3.3477884
1 1.0191404
1 2.067546
1 1.7355796
1 5.2229828
1 2.2740761
1 2.9626774
1 2.2054446
1 2.990042
1 4.7483774
1 1.1393514
1 4.1835034
1 2.062632
1 5.5990779
1 3.9457925
1 2.0702614
1 3.1902566
1 1.8435459
1 3.0858655
1 3.6953055
1 1.3060465
1 0.88255372
1 1.0213631
1 4.8542223
1 3.258844
1 1.5046006
1 3.3270863
1 4.3965453
1 1.7119641
1 0.50013807
1 1.2902005
1 0.50742678
1 1.3445332
1 2.4262196
1 -0.75099319
1 -0.22928778
1 2.7232726
1 4.4471989
1 2.8001058
1 2.7256097
1 2.6136246
1 0.56543835
1 0.84177303
1 0.2787996
1 1.5358241
1 -0.9390332
1 2.8074941
1 -1.0741611
1 3.9923679
1 3.4761159
1 3.1582133
1 3.1609241
1 3.7725402
1 0.96311392
1 1.1480694
1 1.0714473
1 5.4522187
1 5.1463184
1 1.8504004
1 2.3407126
1 4.924231
1 1.9920297
1 5.5274715
1 3.184269
1 0.39389865
1 1.699435
1 3.0348036
1 1.1325449
1 1.4448434
1 2.1235359
1 3.1407075
1 -0.1145528
1 3.2333202
1 5.1230804
1 0.0080972617
1 1.8284958
1 3.516461
1 1.6305615
1 1.6081948
1 3.6235647
1 -0.11725877
1 1.5777792
1 0.30855147
1 3.6467825
1 2.9106127
1 3.7928152
1 3.3359542
1 1.2217649
1 2.8810537
1 2.2944459
1 -0.99256603
1 2.4837094
1 -1.6693901
1 1.4614141
1 4.1368359
1 3.0563495
1 3.8146303
1 2.6629111
1 3.4246508
1 2.6315056
1 2.0715008
1 1.910229
1 1.2228023
1 0.85807088
1 3.1649208
1 4.2847508
1 2.7729925
1 3.5396941
1 3.2916272
1 3.9797055
1 3.4196458
1 1.9127121
1 3.3203797
1 1.3972907
1 2.9942508
1 1.8553366
1 3.7130791
1 4.0206303
1 3.7270352
1 2.9072485
1 3.6900257
1 0.9775313
1 1.6101998
1 6.7505398
1 4.5927754
1 1.7401065
1 1.9529256
1 1.0207365
1 2.5664421
1 3.1408049
1 3.7721471
1 1.983341
1 4.0303967
1 3.87474
1 4.5438767
1 3.1778091
1 3.4961402
1 1.8678078
1 0.82009972
1 0.90506692
1 3.2052601
1 2.5474455
1 3.4585386
1 1.4513965
1 4.219363
1 2.2424994
1 3.5515122
1 2.1382408
1 1.5214026
1 2.529233
1 2.4064034
1 -1.1400183
1 3.2277549
1 1.4012913
1 2.5306162
1 3.9513827
1 4.115522
1 2.8847063
1 4.4797506
1 2.560599
1 3.5377381
1 3.4142079
1 2.3145835
1 4.3027438
1 4.6795558
1 2.0133868
1 2.212192
1 3.6957562
1 3.9681444
1 5.33402
1 1.30696
1 2.5091988
1 2.8891601
1 -0.83990034
1 3.0542827
1 3.7184477
1 4.2446029
1 4.732612
1 1.6941705
1 0.65122091
1 0.33535161
1 0.80729091
1 1.6447306
1 1.8992877
1 0.43780744
1 2.4196836
1 -0.070130521
1 -0.47943947
1 0.91334909
1 2.3117204
1 2.9805749
1 2.8767018
1 1.9677506
1 1.0090138
1 1.1237383
1 3.8039143
1 0.089203811
1 2.8665654
1 1.8931709
1 2.7761984
1 2.2762471
1 2.8220342
1 2.2135197
1 2.9339425
1 2.6137175
1 -1.2532122
1 3.1877062
1 1.7347409
1 2.2822013
1 2.1788179
1 1.7578921
1 3.031468
1 0.9491174
1 1.6467069
1 3.1287423
1 2.2400484
1 1.4009753
1 1.1336365
1 3.0717661
1 1.3309703
1 2.1592227
1 1.2660694
1 3.9061241
1 0.57815971
1 0.36880054
1 0.3609636
1 2.4101355
1 1.8464848
1 1.348251
1 0.44569326
1 3.444588
1 3.0029664
1 2.8128201
1 -0.20560629
1 2.6436257
1 1.3916829
1 0.98074134
1 2.5066109
1 3.5371807
1 4.9217943
1 1.8467041
1 -0.69392547
1 2.9019801
1 2.0103994
1 3.2039908
1 2.4026523
1 3.4211926
1 3.3602381
1 2.8362159
1 2.682937
1 3.5401949
1 3.0173718
1 3.7479512
1 3.1680542
1 0.95585573
1 3.1289086
1 2.0246641
1 3.0851777
1 0.65926918
1 3.4033151
1 2.6338282
1 4.9849802
1 2.1197578
1 0.55792836
1 2.3063448
1 -1.3135447
1 3.192984
1 5.0132468
1 1.8960548
1 0.74334805
1 2.6772081
1 1.2064814
1 1.0644071
1 1.280588
1 2.5452519
1 1.0704974
1 2.6461573
1 0.15480172
1 2.9365148
1 3.3503467
1 1.6583899
1 2.4469799
1 2.6786405
1 0.011394319
1 -1.1287245
1 1.0893288
1 1.8874712
1 1.684027
1 1.8144823
1 3.3076255
1 2.6970104
1 1.238236
1 2.4703182
1 0.76793325
1 0.34698806
1 1.5169685
1 2.2580594
1 2.7882317
1 2.8182125
1 1.5665878
1 5.3786435
1 4.4057153
1 0.40784639
1 3.4800713
1 2.8235717
1 4.5580621
1 6.460806
1 4.540021
1 -0.79400455
1 1.6453769
1 0.55067301
1 2.2417338
1 4.3199959
1 5.8466009
1 5.0099731
1 1.585391
1 1.0867714
1 3.8243804
1 4.327779
1 4.1012451
1 1.8139486
1 1.8328469
1 -1.7260847
1 3.016382
1 2.6187953
1 2.9998965
1 2.9769014
1 0.11225133
1 0.57491535
1 5.5569106
1 1.2496378
1 0.83780181
1 -1.0124534
1 2.1510351
1 2.1633292
1 0.8096044
1 1.5129987
1 2.8828409
1 3.0947543
1 3.32032
1 1.9652531
1 0.2932849
1 3.3205833
1 3.5165296
1 2.3059332
1 2.381475
1 2.531965
1 0.3013935
1 2.975292
1 1.1166096
1 0.76097631
1 1.5085112
1 -0.0095204833
1 -0.73777903
1 -1.36328
1 1.2527252
1 2.4484793
1 3.620647
1 0.45738696
1 -0.63314839
1 2.6487379
1 1.9702267
1 4.2640482
1 1.1113401
1 3.0933889
1 0.56199499
1 1.2885688
1 -0.40166949
1 2.7727401
1 4.2449846
1 0.81533849
1 2.5857219
1 -0.31948172
1 0.77096963
1 0.046956561
1 1.7588298
1 1.3474279
1 0.31987098
1 1.6725108
1 2.3051023
1 4.6220423
1 1.1638253
1 2.7366525
1 3.7158835
1 2.5567738
1 1.8563069
1 2.4231971
1 0.88754552
1 1.2314801
1 0.048226445
1 4.0870998
1 2.1237168
1 1.8401865
1 2.2677306
1 0.97884876
1 2.0696969
1 2.3260245
1 0.34624991
1 1.7663856
1 -0.4144832
1 1.435718
1 1.408906
1 2.437969
1 1.9878564
1 2.9383107
1 2.8387277
1 1.5315467
1 1.41951
1 1.9584724
1 -0.92262368
1 1.7644732
1 3.6787647
1 0.26232263
1 2.2001132
1 -0.93580274
1 2.3404677
1 1.6265033
1 1.6100398
-1 -0.85374351
-1 -1.0716309
-1 -3.2517872
-1 -2.4121968
-1 -2.8438577
-1 -0.7983323
-1 -1.7869251
-1 -2.8497359
-1 -6.3489874
-1 -4.021621
-1 -1.8066993
-1 -3.4477364
-1 -1.6818581
-1 -2.3786388
-1 -3.050894
-1 -0.73595491
-1 -2.5670594
-1 -1.942179
-1 -1.5407582
-1 -2.5698251
-1 -1.3208856
-1 -1.3984671
-1 -3.8567659
-1 -3.7413645
-1 -1.1292046
-1 -1.9843026
-1 -2.2977637
-1 -1.7513579
-1 -2.0714131
-1 -3.1869765
-1 -5.502792
-1 -1.8038086
-1 -4.0641844
-1 -2.6648708
-1 -2.6154436
-1 -1.3358393
-1 -2.0460663
-1 -2.0251839
-1 -2.4365811
-1 -3.9553047
-1 -5.1829159
-1 -3.1374816
-1 -3.8229442
-1 -3.849835
-1 -1.7128535
-1 -3.3873891
-1 0.6838719
-1 -1.8290577
-1 -3.6673202
-1 -2.7041108
-1 -2.1126676
-1 -3.5436563
-1 -3.0170574
-1 -3.2495807
-1 -2.1149333
-1 -4.8926956
-1 -1.434758
-1 -4.7217898
-1 -2.7676799
-1 -4.6172368
-1 -1.2625793
-1 -2.9540731
-1 -1.4161399
-1 -1.5513881
-1 -2.076055
-1 -0.7492362
-1 -5.5535062
-1 -0.5301102
-1 -1.6544781
-1 -1.6765447
-1 -4.83157
-1 -1.3817678
-1 -4.4578795
-1 -1.4342116
-1 -6.1216201
-1 -2.7699042
-1 -3.2055344
-1 -2.6584512
-1 -0.49728253
-1 -5.7939157
-1 -1.0477791
-1 0.19049219
-1 -3.525702
-1 -0.41809069
-1 -1.5517634
-1 -3.1110056
-1 -3.0076725
-1 -2.7470321
-1 -1.2959808
-1 -5.1684701
-1 -3.613774
-1 -3.5035589
-1 -3.3049597
-1 -1.0700346
-1 -1.1145925
-1 -1.7496109
-1 -1.5695639
-1 -2.6790979
-1 -1.6011209
-1 -2.3185013
-1 -1.5422941
-1 -1.4284778
-1 -1.2066777
-1 -3.0131826
-1 -2.0653019
-1 -1.9828888
-1 -0.79678791
-1 -2.410066
-1 -1.296201
-1 -5.2036128
-1 -1.7401192
-1 -3.2764517
-1 -2.5319137
-1 -1.8258737
-1 -2.6933801
-1 -0.39220415
-1 -3.7921788
-1 -1.9741934
-1 -4.9121381
-1 -1.5001094
-1 -3.6292101
-1 -2.6113071
-1 -1.0272929
-1 -4.0909365
-1 1.093726
-1 -0.40280878
-1 -4.4572176
-1 -3.0918226
-1 -2.7815852
-1 -0.8875461
-1 -3.2627188
-1 -2.131668
-1 -2.5127441
-1 -1.8231738
-1 -3.0274794
-1 -0.65167744
-1 -2.064273
-1 -3.225072
-1 -8.0649705
-1 -2.3889119
-1 -1.7712053
-1 -2.0792519
-1 -6.8922294
-1 -3.0006586
-1 -0.79770992
-1 -2.4799347
-1 -0.9906517
-1 -1.0401827
-1 -7.9042584
-1 -1.2602306
-1 -1.6098406
-1 -1.7087234
-1 -2.1426109
-1 -0.83651155
-1 -4.529133
-1 -1.2378268
-1 -2.155472
-1 -3.8833833
-1 -1.700672
-1 -1.8476578
-1 -2.3063305
-1 -6.4491056
-1 -3.0415424
-1 -2.7623243
-1 -1.9564386
-1 -2.6969097
-1 -2.3654107
-1 -0.63468892
-1 -2.3326119
-1 -3.419169
-1 -3.7767734
-1 -5.6783818
-1 -2.916904
-1 -3.1614703
-1 -3.5954416
-1 -0.60187952
-1 -2.4509464
-1 -3.7281706
-1 -1.763315
-1 -5.7103093
-1 -0.38593058
-1 -2.3819541
-1 -3.0625003
-1 -4.736083
-1 -3.0707791
-1 -1.6205312
-1 -1.1347884
-1 -5.6848628
-1 -1.1480534
-1 -1.1247202
-1 -1.4829281
-1 -2.8152095
-1 -2.948483
-1 -1.8628929
-1 -1.6191055
-1 -4.9279322
-1 -0.84503906
-1 -2.2181696
-1 -2.9075596
-1 -1.6713975
-1 -0.5304074
-1 -1.3406554
-1 -4.7943656
-1 -2.3664278
-1 -2.1649597
-1 -3.0632375
-1 -2.186305
-1 -1.8127573
-1 -4.0195732
-1 -3.2916006
-1 -2.4621321
-1 -2.9655774
-1 -1.2243948
-1 -1.7006309
-1 -3.3737378
-1 -1.6769346
-1 -2.1942408
-1 -2.7979303
-1 -1.2149607
-1 0.20652314
-1 -2.0911202
-1 -1.143678
-1 -3.2237128
-1 -1.267009
-1 -2.7866793
-1 -0.68041603
-1 -5.8720335
-1 -7.8689355
-1 -3.0320053
-1 -2.8201722
-1 -2.7313361
-1 -2.8221242
-1 -2.8028005
-1 -1.5389548
-1 -1.2363213
-1 -3.2880301
-1 -2.1002796
-1 -2.0368426
-1 -2.0371477
-1 -2.9337786
-1 -2.8780814
-1 -1.9221029
-1 -2.6699091
-1 -1.724123
-1 -0.70413709
-1 -4.9892525
-1 -2.3883233
-1 -2.0399586
-1 -0.12945109
-1 -1.8605307
-1 -0.94964121
-1 -2.2334015
-1 -2.6984855
-1 -3.1107649
-1 -3.0464049
-1 -3.3738387
-1 -2.557234
-1 -0.84240811
-1 -1.7743348
-1 -0.7238753
-1 -4.5867972
-1 -2.9961837
-1 -4.6504946
-1 -3.3264279
-1 -3.5800022
-1 -1.8782192
-1 -2.195516
-1 -1.4208372
-1 -1.3920678
-1 -1.4718523
-1 1.6857737
-1 -1.2995676
-1 -2.2643092
-1 -1.9668268
-1 -1.86419
-1 -2.8094173
-1 0.09705756
-1 -3.728921
-1 -0.96482225
-1 -1.3918677
-1 -3.130105
-1 -3.8312888
-1 -1.1585132
-1 -3.8896993
-1 -4.0767513
-1 -0.5401726
-1 -4.8119242
-1 -4.3799448
-1 -2.6187096
-1 -1.8257982
-1 -1.1194708
-1 -2.4522054
-1 -0.41992511
-1 -2.2776635
-1 -3.3802497
-1 -2.5706157
-1 -1.1189453
-1 -2.4806091
-1 -1.896085
-1 -2.2579884
-1 -3.903821
-1 -5.7366578
-1 -3.962773
-1 0.068312523
-1 -5.6687293
-1 -1.5707895
-1 -5.7439287
-1 -7.4956025
-1 -4.7612522
-1 -1.8215686
-1 -0.49371723
-1 -1.9412098
-1 -1.9456845
-1 -2.4982473
-1 -2.5358616
-1 -3.0221269
-1 -3.0948147
-1 -0.24363555
-1 -0.99494529
-1 -2.0588589
-1 -2.7439634
-1 -1.8538689
-1 -3.3062927
-1 -1.3299954
-1 -1.316438
-1 -2.4651654
-1 -1.90759
-1 -4.7092411
-1 -4.590312
-1 -0.98673025
-1 -1.4618679
-1 -1.4963862
-1 -4.7034934
-1 -2.6828109
-1 -0.64743479
-1 -2.9963037
-1 -2.0726751
-1 -1.1698191
-1 -2.963451
-1 -3.5534512
-1 -1.8563185
-1 -3.924802
-1 -0.42422709
-1 -2.8610917
-1 -1.8923342
-1 -1.5572238
-1 -6.2116075
-1 -2.6956178
-1 -2.7290005
-1 -1.4292381
-1 -2.3318251
-1 -2.2644967
-1 -1.3999918
-1 -1.0105203
-1 -3.4429276
-1 -2.5488996
-1 -2.7098208
-1 -2.6532001
-1 -4.1263133
-1 -2.2707987
-1 -3.9998383
-1 -2.0101877
-1 -4.2754875
-1 -2.6786991
-1 -4.0961605
-1 -1.1394166
-1 -1.689061
-1 -3.167942
-1 -1.8968736
-1 -3.0870488
-1 -1.4024209
-1 -0.55406436
-1 -1.2053049
-1 -1.3828424
-1 -3.4138293
-1 -2.9288564
-1 -3.9968687
-1 -4.9736226
-1 -1.697652
-1 -3.5620133
-1 -1.6559341
-1 -3.403839
-1 -4.1059599
-1 -3.6876469
-1 -2.0665285
-1 -1.4361714
-1 -2.461849
-1 0.50219181
-1 -1.4539709
-1 -2.5597864
-1 -3.3639932
-1 -0.73219532
-1 -4.0225221
-1 -1.6108402
-1 -0.0097419037
-1 -2.0326352
-1 -2.8482155
-1 -1.902969
-1 -3.2362561
-1 1.9593355
-1 -2.5259086
-1 -1.4328989
-1 -0.6639074
-1 -2.4633839
-1 -3.3139217
-1 -3.1418433
-1 -3.9878821
-1 -1.6250987
-1 -1.6838911
-1 -4.330475
-1 -1.5786295
-1 -3.6569987
-1 -3.7594579
-1 -2.5225586
-1 -2.2482868
-1 -2.9660679
-1 1.0506987
-1 -4.3407851
-1 -2.3395659
-1 -2.9541056
-1 -0.37824268
-1 -1.9158467
-1 -1.9700591
-1 -2.2309917
-1 -1.0937669
-1 -2.117875
-1 -2.3422307
-1 -1.9642753
-1 -1.6211862
-1 -4.0754913
-1 -1.9488016
-1 -1.6244601
-1 -0.069400335
-1 -0.64132851
-1 -1.9349081
-1 -0.94038063
-1 -1.4107207
-1 -2.0507822
-1 1.006804
-1 -1.6248901
-1 -5.8650679
-1 -0.96656196
-1 -3.3425982
-1 -4.3710381
-1 -3.0047406
-1 -1.8338981
-1 0.14743172
-1 -1.6759297
-1 -4.0232734
-1 -1.0295881
-1 -3.4066177
-1 -3.9692722
-1 -2.7515648
-1 0.15154075
-1 -2.1495542
-1 -1.7369911
-1 -1.947971
-1 -1.7054745
-1 -1.5090788
-1 -3.6391088
-1 -2.8836435
-1 -2.5289278
-1 -1.6980054
-1 -2.493014
-1 -0.43750528
-1 -1.0376157
-1 -2.8802048
-1 -0.23872904
-1 -4.7088651
-1 -0.767234
-1 -1.0992494
-1 -3.3026443
-1 -0.95637047
-1 -1.7375758
-1 -2.5154122
-1 -1.6238504
-1 -1.1153808
-1 -3.5136583
-1 -4.0173332
-1 -4.973315
-1 -4.8955881
-1 -1.8206222
-1 -2.2983297
-1 -1.0787856
-1 -2.5722726
-1 -1.2205231
-1 -3.2304337
-1 -2.002705
-1 -2.8476348
-1 -3.9821357
-1 -1.4583044
-1 -0.98993981
-1 -3.6152713
-1 -1.3080208
-1 -3.6616518
-1 -3.3977671
-1 -3.5580174
-1 -3.1336641
-1 -4.4934611
-1 -3.5810197
-1 -1.9941153
-1 -2.8252856
-1 -3.2781853
-1 -5.0654473
-1 -2.418308
-1 -3.5386516
-1 -4.3046204
-1 -3.2289362
-1 -4.0361138
-1 -5.049735
-1 -1.7266056
-1 -2.4541985
-1 -1.7403389
-1 -3.2723512
-1 -2.4199932
-1 -0.53844798
-1 -5.6603326
-1 -1.0751654
-1 -1.8589985
-1 -3.0044816
-1 -2.4380604
-1 -1.1877413
-1 -3.2158659
-1 -1.4491889
-1 -0.66376247
-1 -1.7879815
-1 -1.4297232
-1 -2.6663548
-1 -4.8220338
-1 -1.6157651
-1 -0.83306351
-1 -1.6110069
-1 -1.9642766
-1 -3.1477591
-1 -1.7686291
-1 -1.5991411
-1 -2.3765945
-1 -2.8756262
-1 -4.0241365
-1 -0.17227087
-1 -3.7655947
-1 -2.138131
-1 -1.298484
-1 1.5571551
-1 -1.0621966
-1 -5.4764521
-1 -2.9406711
-1 -3.2125562
-1 -2.2512875
-1 -7.29688
-1 -1.622048
-1 -4.7648426
-1 -1.4100681
-1 -2.1160968
-1 -1.3596084
-1 0.65526117
-1 -2.0215091
-1 -2.6389979
-1 -2.5427159
-1 -3.3577433
-1 -2.8648602
-1 -1.7781083
-1 -1.7519686
-1 -4.7019352
-1 -1.4606506
-1 -2.0710399
-1 -2.8570481
-1 -4.1826121
-1 -4.6692255
-1 -1.4419897
-1 -3.2136274
-1 -2.3864167
-1 -2.7923934
-1 -3.4599263
-1 -3.9222125
-1 -4.8493993
-1 0.80189659
-1 -2.0275648
-1 -2.2962682
-1 -1.4377704
-1 -2.1305349
-1 -1.1302134
-1 -1.9725473
-1 -2.5692545
-1 -2.2499797
-1 -2.0939266
-1 -2.4638324
-1 -0.63802315
-1 -4.5044378
-1 -1.4240946
-1 -0.72166025
-1 -2.4763338
-1 -1.432044
-1 -2.4153176
-1 -2.108141
-1 -2.5013051
-1 -2.2878985
-1 -2.4558632
-1 -1.6202177
-1 -0.97510248
-1 -3.7251511
-1 -2.0995521
-1 -2.0606724
-1 -4.2109998
-1 -3.0659427
-1 -3.5622079
-1 -6.7015401
-1 -0.75807974
-1 -3.5242485
-1 -1.8630212
-1 -2.4667484
-1 -3.020612
-1 -3.1782492
-1 -3.1696824
-1 -1.7952735
-1 -1.2450342
-1 -2.2131234
-1 -2.3353948
-1 -1.5174312
-1 -0.22370124
-1 -2.2857797
-1 -0.48495125
-1 -1.4615795
-1 -3.0121658
-1 -3.0361255
-1 -1.536563
-1 -1.6934727
-1 -0.1471662
-1 -1.5800777
-1 -2.7081217
-1 -1.5867725
-1 -1.1493435
-1 -1.8310567
-1 -2.1018328
-1 -1.8496162
-1 -0.15385684
-1 -0.78374125
-1 -0.32575941
-1 -1.6053857
-1 -1.2064332
-1 -0.97056258
-1 -2.0854065
-1 -3.2535912
-1 -3.9338708
-1 -2.9959616
-1 -1.1158158
-1 -0.50954248
-1 -6.0336225
-1 -2.0310359
-1 -1.7345283
-1 -2.2841836
-1 -1.7601803
-1 -3.4352001
-1 -2.1266034
-1 -2.7913291
-1 -0.073927615
-1 -2.6821386
-1 -2.8856721
-1 -4.1310389
-1 -1.4009939
-1 -4.2672427
-1 -3.3427351
-1 -7.42001
-1 -2.0197927
-1 -2.651736
-1 -3.8223088
-1 -3.0965125
-1 -0.71680125
-1 -1.6962321
-1 -3.5844322
-1 -5.0610741
-1 -2.3209188
-1 -3.6759939
-1 -2.7006805
-1 -1.0881706
-1 -2.2440919
-1 -1.7491121
-1 -1.2062007
-1 -0.80608038
-1 -0.93938253
-1 -2.2204834
-1 -3.3372875
-1 -2.0354363
-1 -3.9380985
-1 -1.2644565
-1 -2.0988221
-1 -0.93552154
-1 -2.6592728
-1 -1.9533022
-1 -1.3775294
-1 -0.8056941
-1 -3.2026021
-1 -0.53761034
-1 -4.3952351
-1 -2.8401698
-1 -1.1136295
-1 -4.1052004
-1 -4.5929536
-1 -3.0368989
-1 -0.71032019
-1 -0.18915646
-1 -2.8248076
-1 -2.3589596
-1 -2.3190119
-1 -3.7856172
-1 -2.4826959
-1 -1.8792653
-1 0.091312187
-1 -2.6491664
-1 -1.0581274
-1 -4.1770349
-1 -0.88478946
-1 -1.1719606
-1 -1.5461515
-1 -3.0319157
-1 -3.5125534
-1 -2.6573313
-1 -3.5584037
-1 -1.2590408
-1 -3.1339164
-1 -4.4683928
-1 -2.3060205
-1 -2.2681234
-1 -2.7906703
-1 -2.9915406
-1 -1.3463044
-1 -2.5813892
-1 -1.5112437
-1 -4.2289552
-1 0.065066011
-1 -1.3344804
-1 -0.85254535
-1 -1.1545316
-1 -2.0349453
-1 -3.3140893
-1 -4.1340251
-1 -2.1451279
-1 -3.0943166
-1 -1.819947
-1 -1.5872381
-1 -1.6080164
-1 -3.2739616
-1 -0.28342995
-1 -0.97937689
-1 -3.0852386
-1 -1.5229581
-1 -3.9101534
-1 -2.5588468
-1 -2.0092539
-1 -2.6956931
-1 -1.7023818
-1 -2.2214387
-1 -2.4446345
-1 -2.3871892
-1 -1.5745264
-1 -2.143767
-1 -0.24981694
-1 -2.7554112
-1 -3.7220117
-1 -4.3510623
-1 0.24790289
-1 -2.3606847
-1 -0.3417131
-1 -2.0948428
-1 -1.0426394
-1 -4.2130335
-1 0.37505826
-1 -3.5034821
-1 -3.4167806
-1 -2.6946426
-1 -2.6817503
-1 -5.5882791
-1 -3.8600981
-1 -2.7585211
-1 -5.1855242
-1 -1.3158614
-1 -0.37608557
-1 -0.66538935
-1 -4.2702654
-1 -3.5876828
-1 -2.0967047
-1 -3.2046889
-1 -5.35065
-1 -3.1192226
-1 -0.55495231
-1 -0.86147952
-1 -3.6743328
-1 -3.5989096
-1 -1.4822675
-1 -7.3099485
-1 -2.8998293
-1 -0.863015
-1 -4.8810028
-1 -0.1367096
-1 -3.1188717
-1 -1.9702688
-1 -0.56948813
-1 -4.0019146
-1 -0.8748378
-1 -1.5943059
-1 -2.6822778
-1 -3.7076562
-1 -2.4904176
-1 -1.2535789
-1 -2.5149592
-1 -3.6371497
-1 -2.3119413
-1 -2.304055
-1 -1.4642438
-1 -3.2365312
-1 -1.4395165
-1 -4.281484
-1 -1.5197809
-1 -1.6662063
-1 -2.2890245
-1 -3.000276
-1 -2.2434339
-1 -0.94357662
-1 -1.0797279
-1 -4.0624131
-1 -2.4935433
-1 -1.2806015
-1 -3.8681089
-1 -3.8041847
-1 -4.2052785
-1 -3.2275696
-1 -3.0549192
-1 -4.701407
-1 -1.7231277
-1 -2.1824281
-1 -2.9866917
-1 -1.4037977
-1 -3.2992091
-1 -0.68278784
-1 -3.7350285
-1 0.32088741
-1 -2.9777122
-1 -3.7253891
-1 -6.3239407
-1 -3.1708109
-1 -5.3563081
-1 -1.1963157
-1 -3.6925604
-1 -4.8733285
-1 -2.7955431
-1 -2.9622959
-1 -0.8234488
-1 -1.0394701
-1 -2.420071
-1 -1.7367907
-1 -6.4580822
-1 -2.4042635
-1 -2.2069372
-1 -4.2933574
-1 -2.0991136
-1 -6.0397327
-1 -1.6052625
-1 -1.2269728
-1 -2.2760131
-1 -5.0269505
-1 -4.4932682
-1 -0.8930985
-1 -2.7719877
-1 -4.5245481
-1 -6.1241384
-1 -4.3581968
-1 -5.7544595
-1 -2.7094468
-1 -3.7161143
-1 -2.8064328
-1 -2.0559323
-1 1.5086816
-1 -1.0111152
-1 -5.6687293
-1 -5.1679853
-1 -2.9785305
-1 -5.6687293
-1 -0.48949203
-1 -4.0566919
-1 -1.8108786
-1 -4.5781703
-1 -2.8279293
-1 -4.3121838
-1 -3.376185
-1 -3.6884263
-1 -5.1846696
-1 -1.6928387
-1 -0.85915708
-1 -2.1108812
-1 -1.963571
-1 -7.0299006
-1 -1.0863581
-1 -3.5634658
-1 -5.2252889
-1 -2.9343433
-1 -2.385552
-1 -4.0328357
-1 -4.6044596
-1 -2.5287578
-1 -2.2861565
-1 -5.0721901
-1 -1.2470273
-1 -1.3508276
-1 -1.9404377
-1 -1.4427899
-1 -2.1875033
-1 -1.2624352
-1 -0.33631356
-1 -2.9577979
-1 -4.1441172
-1 -1.1702891
-1 -3.1500597
-1 -5.0673591
-1 -6.7182253
-1 -1.1819851
-1 -1.5491532
-1 -0.39404574
-1 -1.8293902
-1 -2.2441646
-1 -2.0772175
-1 -3.0347406
-1 -0.59455353
-1 -2.6094845
-1 -2.6419332
-1 -3.5040602
-1 -2.7570208
-1 -0.35762773
-1 -2.2398097
-1 -2.1991596
-1 -2.0588442
-1 -2.2811047
-1 -2.1554353
-1 -1.5038052
-1 -2.694506
-1 -4.9339133
-1 -6.9278553
-1 -2.7330231
-1 -1.6110952
-1 -1.9015092
-1 -3.8618922
-1 -2.381356
-1 -1.1978047
-1 -3.2958328
-1 -1.2021211
-1 -1.8764336
-1 -4.9289628
-1 -1.465931
-1 -2.9893873
-1 -2.377721
-1 -1.1716579
-1 -1.1992115
-1 -7.7335589
-1 -3.0102792
-1 -6.4962091
-1 -2.0492833
-1 -4.4198846
-1 -1.6824967
-1 -2.4531592
-1 -2.5299111
-1 -1.4638182
-1 -4.1137909
-1 -9.0324718
-1 -3.3730694
-1 -1.7719415
-1 -3.3989636
-1 -5.118322
-1 -3.71585
-1 -1.5290755
-1 -2.9070934
-1 -4.3829342
-1 -1.258429
-1 -2.8331526
-1 -1.6112465
-1 -1.2714676
-1 -4.6207117
-1 -3.0428853
-1 -3.9822281
-1 -3.6378807
-1 -4.0921784
-1 -2.81705
-1 -0.73575451
-1 -2.1024225
-1 -3.5833586
-1 -3.8122282
-1 -1.0027413
-1 -4.2083797
-1 -2.1359622
-1 -2.4227052
-1 -3.3876324
-1 -3.2523465
-1 -3.3071642
-1 -3.0522435
-1 -2.9516369
-1 -2.9785135
-1 -1.7395153
-1 -4.7455407
-1 -1.7041905
-1 -4.0625074
-1 -1.9107082
-1 -6.6034431
-1 -1.3700103
-1 -1.9265163
-1 -2.9183721
-1 -0.69840931
-1 -2.7076715
-1 -1.5302116
-1 -6.1158193
-1 -5.6761386
-1 -3.7487448
-1 -1.533388
-1 -3.5381997
-1 -2.3343498
-1 -3.4813882
-1 -3.2690896
-1 -1.3310291
-1 -0.49128318
-1 -3.344624
-1 -5.9822268
-1 -7.2768183
-1 -2.3409772
-1 -3.3181293
-1 -1.3919392
-1 -1.9935589
-1 -4.103803
-1 -1.4490719
-1 -0.47976354
-1 -5.6687293
-1 -3.5399846
-1 -2.8595126
-1 -2.9618491
-1 0.19292128
-1 -3.3607032
-1 -2.8299987
-1 -6.5280846
-1 -3.6534668
-1 -1.9807
-1 -3.9351293
-1 -2.3129308
-1 -0.84690616
-1 -0.87485735
-1 -1.3650344
-1 -4.4273577
-1 -5.915493
-1 -1.3180657
-1 -3.4595362
-1 -2.9191144
-1 -2.8964506
-1 -3.3446899
-1 -1.981729
-1 -6.1521065
-1 -1.882794
-1 -3.4626779
-1 -2.7490826
-1 -2.6370882
-1 -3.6289834
-1 -2.9762777
-1 -3.0143503
-1 -2.0986072
-1 -1.4488842
-1 -2.5911853
-1 -3.3993577
-1 -1.3126402
-1 -2.738297
-1 -2.781328
-1 -4.381146
-1 -2.9356614
-1 -0.85290352
-1 -2.2951291
-1 -1.9097799
-1 -2.0733996
-1 -1.3328078
-1 -1.3904735
-1 -4.9040885
-1 -3.5336438
-1 -2.0434198
-1 -0.70668179
-1 -2.7022085
-1 -6.0707063
-1 -3.2363557
-1 -6.7757424
-1 -3.7580401
-1 -3.6234239
-1 -4.1086852
-1 -3.9509094
-1 -5.6687293
-1 -1.96447
-1 -1.1322645
-1 -3.0700885
-1 -2.029781
-1 -1.5148739
-1 -2.6298947
-1 -4.1908883
-1 -0.44163677
-1 -2.1178744
-1 -0.55001253
-1 -1.3763267
-1 -2.712776
-1 -3.5719029
-1 -0.76132619
-1 -2.0912175
-1 -1.6870824
-1 -1.0273552
-1 -1.3486934
-1 -4.0183115
-1 -5.6919979
-1 -1.5389405
-1 -2.5502256
-1 -1.615962
-1 -1.8109994
-1 -1.8550049
-1 -0.99435469
-1 -2.3683463
-1 -1.8215145
-1 -3.235657
-1 -2.6046036
-1 -2.8271828
-1 -6.2403024
-1 -2.3962875
-1 -1.5825074
-1 -3.6805332
-1 -0.81690309
-1 -3.646376
-1 -2.2945181
-1 -2.1181896
-1 -3.6405317
-1 -0.32013279
-1 -1.2765227
-1 -2.7874944
-1 -6.1623122
-1 -1.6225574
-1 -3.2200627
-1 -1.8164308
-1 -2.273564
-1 -3.0696724
-1 -1.5820879
-1 -1.733281
-1 -4.3927554
-1 -3.6152641
-1 -3.255663
-1 -5.8132324
-1 -1.6424165
-1 -4.2888024
-1 -1.0375258
-1 -4.3466553
-1 -4.9644489
-1 -2.0588299
-1 -6.2839378
-1 -3.1033952
-1 -2.8293498
-1 -1.2553535
-1 -4.3523848
-1 -2.7397543
-1 -1.0262261
-1 -1.625333
-1 -1.2974902
-1 -2.9933718
-1 -2.0804944
-1 -4.4428068
-1 -2.932257
-1 -0.91364671
-1 -1.3512483
-1 -3.1683467
-1 -1.4508172
-1 -2.2031762
-1 -4.1450617
-1 -1.2208052
-1 -1.978295
-1 -2.002161
-1 -0.92952147
-1 -0.054563634
-1 0.27817658
-1 -1.3570482
-1 -2.2522224
-1 -2.5424608
-1 -4.8546936
-1 -1.7635782
-1 -1.4301729
-1 -2.5962593
-1 -3.5078101
-1 -1.8485155
-1 -1.6312842
-1 -2.2278005
-1 -3.0666772
-1 -2.8095795
-1 -0.89950143
-1 -1.4228965
-1 -1.8924736
-1 -2.1738903
-1 0.34199281
-1 -0.039889631
-1 -2.7341774
-1 -1.8574564
-1 -1.1117342
-1 -4.0690541
-1 -1.4172813
-1 -2.2952876
-1 -3.3242252
-1 -2.1009151
-1 -1.7628295
-1 -2.8631634
-1 -0.75517957
-1 -0.26869036
-1 -1.360442
-1 -4.6378675
-1 -8.0827564
-1 -6.4405218
-1 -0.31794531
-1 -2.3831708
-1 -3.435803
-1 -2.1779718
-1 -3.5434046
-1 -0.45831159
-1 -1.3023166
-1 -0.78226393
-1 -1.5181064
-1 -3.8020605
-1 -5.002163
-1 -2.647922
-1 -4.7536838
-1 -2.1598137
-1 -1.8578699
-1 -4.065214
-1 -3.4584256
-1 -2.8233349
-1 -2.5044726
-1 -0.16809831
-1 -2.2395739
-1 -2.3943167
-1 -4.8071823
-1 -1.7288621
-1 -5.135527
-1 -1.8732745
-1 -3.3719481
-1 -2.1799354
-1 -2.2347382
-1 -1.9434925
-1 -4.2182925
-1 -1.1814132
-1 -3.6732454
-1 -0.55380131
-1 -3.1853563
-1 -3.0730829
-1 -6.4599093
-1 -2.5483714
-1 -0.98347781
-1 -1.7743931
-1 -2.808829
-1 -1.0299801
-1 -2.5336751
-1 -2.4479518
-1 -2.3164638
-1 -6.5024203
-1 -1.0952668
-1 -1.3964759
-1 -1.5794468
-1 -1.1871152
-1 -2.7154682
-1 -1.7796483
-1 -2.6347331
-1 -4.4785987
-1 -2.4712561
-1 -2.9749027
-1 -3.9349746
-1 -7.4665262
-1 -1.3666906
-1 -3.8258406
-1 -2.7961643
-1 -3.6053735
-1 -1.6477672
-1 -2.4108976
-1 -0.8083059
-1 -3.9336491
-1 -2.3273531
-1 -2.2475944
-1 -3.7655065
-1 -2.3844434
-1 -1.7740273
-1 -0.24068272
-1 -2.4272761
-1 -2.4252897
-1 -1.4003634
-1 -2.6699646
-1 -3.8483546
-1 -2.0183178
-1 -2.8042766
-1 -2.7361702
-1 -4.0701571
-1 -7.2961716
-1 -5.0105505
-1 -2.3703519
-1 -5.3021726
-1 -2.7496676
-1 -4.0584546
-1 -2.3102699
-1 -0.74805916
-1 -1.0838823
-1 -3.3232425
-1 -1.7001026
-1 -4.1070094
-1 -2.2989891
-1 -1.0070177
-1 -3.9291913
-1 -2.195016
-1 -2.5807275
-1 -3.6430153
-1 -1.3241759
-1 -3.4576453
-1 -1.2100282
-1 -2.547
-1 -1.708851
-1 -0.50865039
-1 -2.1749541
-1 -2.172377
-1 -1.4744318
-1 -2.7896478
-1 -2.4104835
-1 -2.1712997
-1 -2.124066
-1 -2.5071281
-1 -3.0755482
-1 -5.6741289
-1 -3.8107711
-1 -2.0124609
-1 -1.7072168
-1 -1.8716973
-1 -1.9260667
-1 -2.9721263
-1 -1.3675407
-1 -3.2435228
-1 -1.7058246
-1 -2.5744911
-1 -0.99228376
-1 -2.6347259
-1 -1.8788859
-1 -2.7921018
-1 -4.1531426
-1 -2.5756207
-1 -2.7875264
-1 -2.265951
-1 -1.468027
-1 -5.6465075
-1 -3.2865185
-1 -2.7680018
-1 0.14384354
-1 -1.1531634
-1 -2.6925535
-1 -1.5628395
-1 -0.98225413
-1 -2.8656574
-1 -4.9964915
-1 0.99543991
-1 -2.1761274
-1 -4.7957742
-1 -1.4447165
-1 -3.9460706
-1 -1.551712
-1 -1.4071406
-1 -2.1995262
-1 -2.8285768
-1 -0.40929003
-1 -7.0274026
-1 -3.0154712
-1 -3.7812541
-1 -4.2535419
-1 -2.1453211
-1 -7.7019386
-1 -4.7383899
-1 -1.2674962
-1 -1.9532851
-1 -0.29416627
-1 -1.5402836
-1 -2.2208837
-1 -2.0029045
-1 -2.5134748
-1 -0.55515634
-1 -2.986781
-1 -5.7011187
-1 -1.2080811
-1 -1.4514958
-1 -4.079733
-1 -1.3544687
-1 -5.4156868
-1 -4.5320434
-1 -5.2566114
-1 -0.217268
-1 -2.2367305
-1 -2.4307566
-1 -7.4635537
-1 -3.4076758
-1 -0.29696482
-1 -3.1436108
-1 -3.1021365
-1 -2.3401755
-1 -2.6538452
-1 -1.3735288
-1 -1.7123303
-1 -2.2717624
-1 -2.23943
-1 -1.7285718
-1 -0.59111923
-1 -1.8855434
-1 -2.3560677
-1 -1.4028303
-1 -2.0802782
-1 -2.625877
-1 -0.85652625
-1 -2.3765337
-1 -2.1082656
-1 -1.1203694
-1 -5.0329992
-1 -4.1033126
-1 -2.5085405
-1 -1.3885503
-1 -2.7633069
-1 -4.5989105
-1 -3.2516867
-1 -6.9832034
-1 -2.8745116
-1 -2.7310233
-1 -6.8716173
-1 -1.6609984
-1 -1.3073247
-1 -1.2316599
-1 -1.167521
-1 -3.7553914
-1 -2.1347591
-1 -0.96278849
-1 -1.4434191
-1 -2.4078912
-1 -1.4417965
-1 -1.1255181
-1 -2.7068076
-1 -0.84649642
-1 -2.3237894
-1 -1.0668289
-1 -5.0149392
-1 -0.8984859
-1 -2.5023928
-1 -2.0552613
-1 0.86626356
-1 -0.18652557
-1 -3.3827977
-1 -1.9400139
-1 -1.1566793
-1 -2.4146068
-1 -2.0870566
-1 -2.9640452
-1 -2.0049806
-1 -2.7159832
-1 -3.8770032
-1 -2.9644284
-1 -2.6657121
-1 -2.77154
-1 -8.0775349
-1 -4.951246
-1 -3.9672058
-1 -2.5103768
-1 -0.75846265
-1 -2.0289916
-1 -4.527347
-1 -3.0648711
-1 -2.5945802
-1 -5.6687293
-1 -4.2533537
-1 -1.2523507
-1 -4.2355359
-1 -4.1257404
-1 -3.2714681
-1 -4.4974096
-1 -1.9291197
-1 -3.4523866
-1 -1.8576181
-1 -3.9850193
-1 -1.639074
-1 -1.7688229
-1 -2.5369668
-1 -1.9515113
-1 -1.8356473
-1 -4.1688848
-1 -1.9150021
-1 -2.9201909
-1 -3.5064503
-1 -4.229575
-1 -3.7357491
-1 -1.2410438
-1 -2.258872
-1 -2.7956081
-1 -4.1244963
-1 -1.7727058
-1 -1.4045146
-1 -3.4431646
-1 -3.6090319
-1 -2.8543834
-1 -5.9679741
-1 -2.6705822
-1 -3.0008494
-1 -2.6271471
-1 -2.1119053
-1 -2.3834465
-1 -3.2014606
-1 -0.78232484
-1 -4.9260351
-1 -2.6999011
-1 -3.4046551
-1 -4.3761978
-1 -3.0230151
-1 -2.8200757
-1 -2.6857677
-1 -0.38665564
-1 -1.5690875
-1 -3.6206179
-1 -1.0134163
-1 0.4191151
-1 -2.2665159
-1 -1.7169744
-1 -2.0609597
-1 -0.99893253
-1 -1.5318354
-1 -4.0373622
-1 -3.4937212
-1 -1.979214
-1 -1.3176073
-1 -3.5100337
-1 -0.41403107
-1 -2.0657379
-1 -1.7708407
-1 -2.2398725
-1 -0.70208988
-1 -2.5399137
-1 -2.0680775
-1 -2.2415768
-1 -3.2308311
-1 -1.6790074
-1 -2.3528236
-1 -2.4719097
-1 -1.2495821
-1 -3.4641376
-1 -2.9290501
-1 -2.9975854
-1 -2.8549512
-1 -3.9992659
-1 -1.5946245
-1 -3.0834222
-1 -2.4102134
-1 -2.3324815
-1 -3.4360332
-1 -2.2915312
-1 -1.3594826
-1 -1.5286228
-1 -1.1593571
-1 -2.9453758
-1 -5.1875434
-1 -4.5320865
-1 -0.80260948
-1 -3.0449207
-1 -1.8110207
-1 -0.7340552
-1 -1.2611631
-1 -2.8969288
-1 -0.44057389
-1 -2.9568802
-1 -7.431583
-1 -2.790912
-1 -3.0313198
-1 -2.3553349
-1 -0.7589785
-1 -0.43462544
-1 -3.617628
-1 -2.8108672
-1 -1.7417869
-1 -3.5182126
-1 -0.92366976
-1 -0.80639111
-1 -1.6669019
-1 -0.77518313
-1 -2.760864
-1 -1.915991
-1 -2.176788
-1 -2.7816079
-1 -3.7098384
-1 -3.3179141
-1 -6.1376015
-1 -2.6015787
-1 -2.9167928
-1 -1.1061091
-1 -1.9396869
-1 -2.1174556
-1 -2.7827416
-1 -2.6834571
-1 -3.342335
-1 -4.9708922
-1 -2.7081146
-1 -2.6209581
-1 -2.9283826
-1 -0.67009863
-1 -2.2323932
-1 -2.6652502
-1 -2.243203
-1 -1.4265506
-1 -2.0544043
-1 -1.3700848
-1 -4.4986502
-1 -1.8911752
-1 -0.8986397
-1 -1.1118686
-1 -2.2264847
-1 -1.0083727
-1 -2.7921096
-1 -0.47241996
-1 -1.2581489
-1 -2.3343648
-1 -0.28433003
-1 -1.1003766
-1 -2.1402739
-1 -3.439276
-1 -3.233015
-1 -2.3481847
-1 -2.8081501
-1 -2.9334748
-1 -2.1984521
-1 -1.4787285
-1 -1.4200034
-1 -2.7862231
-1 -4.819854
-1 -0.10541741
-1 -1.2117059
-1 -0.64041148
-1 -3.0012137
-1 -3.5792574
-1 -1.6950694
-1 -5.1467205
-1 -2.2296766
-1 -3.5619559
-1 -2.9174571
-1 -2.1018472
-1 -1.7755593
-1 -1.4888334
-1 -2.2250925
-1 -1.1252474
-1 -5.541541
-1 -3.1721174
-1 -5.7774151
-1 -2.5339896
-1 -2.1407786
-1 -6.3789772
-1 -3.6144103
-1 1.2204845
-1 -3.3320176
-1 -2.0109932
-1 -1.3089953
-1 -3.0751787
-1 -1.767157
-1 -3.3722447
-1 -6.4986789
-1 -3.6290497
-1 -4.6351074
-1 -1.4381199
-1 -2.4157474
-1 -1.393908
-1 -2.2680517
-1 -5.2084313
-1 -0.72527247
-1 -3.1027659
-1 -2.907332
-1 -1.8066002
-1 -1.1915381
-1 -2.1190283
-1 -3.8553341
-1 -3.8126995
-1 -2.5944219
-1 -3.9064706
-1 -3.5544399
-1 -3.0335645
-1 -5.7898839
-1 -3.0035949
-1 -1.3915343
-1 -1.2354275
-1 -2.5324243
-1 -2.7080108
-1 -4.5506302
-1 -1.6544188
-1 -1.3540568
-1 -2.3088385
-1 -1.1807735
-1 -3.6511591
-1 -2.9684948
-1 -1.8769544
-1 -1.7036539
-1 -6.6948978
-1 -2.4332563
-1 -3.6986816
-1 -2.6753672
-1 -2.4416814
-1 -2.699571
-1 -2.4436444
-1 -3.1231373
-1 -2.0124855
-1 -3.8634251
-1 -1.965063
-1 -0.13719486
-1 -0.74734219
-1 -3.3934383
-1 -2.7625897
-1 -1.6185693
-1 -1.4554001
-1 -1.4962665
-1 -0.71586274
-1 -4.687714
-1 -1.244634
-1 -4.9971792
-1 -1.5028204
-1 -1.6548752
-1 -2.9350327
-1 -2.1187806
-1 -2.9154909
-1 -1.5794814
-1 -0.15567544
-1 -0.57330838
-1 -2.0838497
-1 -1.482891
-1 -5.5393869
-1 -1.9985698
-1 -1.1195528
-1 -1.1460255
-1 -1.2615536
-1 -0.91076813
-1 -2.9297536
-1 -1.7857571
-1 -1.8885615
-1 -1.1991729
-1 -2.7059901
-1 -1.397163
-1 -2.9849231
-1 -2.5001176
-1 -2.3693362
-1 -3.5023094
-1 -1.60686
-1 -3.015019
-1 -1.9421533
-1 -2.431068
-1 -1.4726945
-1 -2.7701443
-1 -3.8893113
-1 -1.7447492
-1 -4.629202
-1 -1.558787
-1 -1.9193565
-1 -0.69598042
-1 -1.9151296
-1 -2.0928202
-1 -3.639188
-1 -0.39593107
-1 -1.2369361
-1 -1.2037351
-1 -2.7434852
-1 -1.1067866
-1 -1.9688275
-1 -3.4765431
-1 -4.2155313
-1 -2.9252178
-1 -2.1206572
-1 -4.1804811
-1 -2.0863426
-1 -0.28267458
-1 -2.4073519
-1 -1.6071731
-1 -1.0870617
-1 -4.1990368
-1 -2.0723916
-1 -2.1465364
-1 -5.4368782
-1 -1.7714424
-1 -5.3885309
-1 -9.0518908
-1 -1.625679
-1 -3.7829705
-1 -2.9580727
-1 -1.9931811
-1 -2.8349785
-1 -2.5626002
-1 -1.2105587
-1 -2.5578077
-1 -3.4050792
-1 -7.0110158
-1 -0.86937872
-1 -1.4277704
-1 -1.6610136
-1 -4.1201649
-1 -3.1969856
-1 -2.588662
-1 -3.647832
-1 -2.4424398
-1 -1.4984652
-1 -2.9818851
-1 -2.4364358
-1 -5.0467958
-1 -3.5537965
-1 -5.74201
-1 -1.5620524
-1 -3.8778303
-1 -0.72131372
-1 -5.3961932
-1 -2.0929942
-1 -3.4154742
-1 -3.1900263
-1 -1.2172392
-1 -2.2359224
-1 -2.6013028
-1 -2.1691438
-1 -0.67515627
-1 -2.3965814
-1 -4.1731412
-1 -2.1771889
-1 -2.128987
-1 -2.5982709
-1 -4.2396901
-1 -4.1448037
-1 -1.8567531
-1 -3.7107588
-1 -1.8432314
-1 -4.5760853
-1 -1.7351715
-1 -1.700795
-1 -2.271746
-1 -1.9327431
-1 -3.0765175
-1 -3.0752055
-1 -2.194952
-1 -3.0446448
-1 -2.8941002
-1 -1.7335868
-1 -2.9394512
-1 -1.1681729
-1 -4.4257548
-1 -1.8523591
-1 -0.25015723
-1 -2.8766659
-1 -2.2160927
-1 -4.4804254
-1 -4.948743
-1 -1.982865
-1 -4.7630403
-1 -2.9638139
-1 -2.8324771
-1 -3.7233143
-1 -9.6967509
-1 -2.9793082
-1 -4.0540964
-1 -4.1920518
-1 -2.5701944
-1 -3.4763605
-1 -1.2366527
-1 -1.8053314
-1 -1.5501759
-1 -1.2925907
-1 -2.2871259
-1 -3.2694153
-1 -2.2060172
-1 -4.1178811
-1 -3.3575262
-1 -0.15126766
-1 -1.3654263
-1 -0.14250597
-1 -1.7968241
-1 -2.8087815
-1 -1.8498496
-1 -6.063509
-1 -1.833951
-1 -5.0858303
-1 -0.86182781
-1 -1.0204626
-1 -2.9423771
-1 -2.0482457
-1 -2.0266645
-1 -2.1092081
-1 -1.6596688
-1 -1.9888458
-1 -0.69996772
-1 -0.2620652
-1 -5.9707871
-1 -2.6672609
-1 -0.61119103
-1 -2.5810137
-1 -2.4792498
-1 -3.790497
-1 -1.2605644
-1 -4.4484048
-1 -3.3247009
-1 -3.5394819
-1 -3.2429015
-1 -4.0728735
-1 -4.0916645
-1 -1.9710139
-1 -1.8512434
-1 -5.4900161
-1 -3.3606207
-1 -1.7564774
-1 -2.1011276
-1 -2.1017596
-1 -6.9524903
-1 -4.4462178
-1 -3.0388524
-1 -1.5947883
-1 -3.7603715
-1 -0.36916628
-1 -2.3600564
-1 -3.7679835
-1 -0.93739512
-1 -1.9569371
-1 -4.6621833
-1 -1.0652744
-1 -2.7242617
-1 -1.6771265
-1 -2.0779212
-1 -2.9016336
-1 -1.3279181
-1 -5.7054582
-1 -2.2964423
-1 -1.8130437
-1 -3.9164394
-1 -2.0240704
-1 -1.4905962
-1 -4.8266068
-1 -4.1773954
-1 -2.53171
-1 -2.8335441
-1 -0.085633577
-1 -5.4347075
-1 -3.8964344
-1 -2.6581034
-1 -2.8190763
-1 -2.7769118
-1 -2.7220696
-1 -6.0433309
-1 -1.5456983
-1 -6.4460371
-1 -1.7866814
-1 -3.245554
-1 -6.2197883
-1 -3.0074094
-1 -4.7513447
-1 -1.0990768
-1 -2.1266326
-1 -3.7251335
-1 -0.82576489
-1 -3.0710001
-1 -1.9070376
-1 -0.70299915
-1 0.68842918
-1 -3.021938
-1 -2.3606449
-1 -2.1521847
-1 -2.759799
-1 -0.73534537
-1 -1.9447949
-1 -2.0712023
-1 -1.3199704
-1 -0.77787228
-1 -2.2384998
-1 0.15557026
-1 -1.0184135
-1 -2.5176456
-1 -1.298632
-1 -2.7664618
-1 -2.3499481
-1 -1.9931065
-1 -2.5895235
-1 -3.3563136
-1 -2.9415976
-1 -0.96110235
-1 -1.0016393
-1 -0.56349489
-1 -2.0378242
-1 -1.837386
-1 -3.2066617
-1 -3.8517668
-1 -7.8448875
-1 -2.5728668
-1 -2.1868025
-1 -0.35403641
-1 -1.4198203
-1 -1.9761466
-1 -4.9877861
-1 -3.0722691
-1 -1.2063209
-1 -2.9506141
-1 -1.855908
-1 -7.4412622
-1 -1.5307955
-1 -1.5956784
-1 -1.4702478
-1 -2.1344151
-1 -2.23932
-1 -1.7936988
-1 -1.4515487
-1 -5.0620451
-1 -4.967127
-1 -1.9122766
-1 -4.6767813
-1 0.20216952
-1 -7.3411409
-1 -3.3796891
-1 -2.3712657
-1 -5.9581702
-1 -4.0587204
-1 -2.4315417
-1 -1.5457143
-1 -1.7595481
-1 -2.8083895
-1 -1.7006981
-1 -2.1273337
-1 -2.4493833
-1 -7.2972413
-1 -1.9530091
-1 -2.6978741
-1 -4.0257389
-1 -6.6436777
-1 -2.3423584
-1 -2.5083163
-1 -3.8982093
-1 -3.5448997
-1 -1.581705
-1 -2.1508045
-1 -1.7061965
-1 -2.2383295
-1 -1.0373725
-1 -1.7782048
-1 -0.20756434
-1 -1.984914
-1 -2.2351142
-1 -2.8475549
-1 -2.3472943
-1 -3.8155248
-1 -4.3676328
-1 -2.1850819
-1 -0.82953258
-1 -2.4578186
-1 -2.7820411
-1 -1.0849447
-1 -1.5039402
-1 -2.1808206
-1 -1.6977771
-1 -3.3482714
-1 -5.924842
-1 -2.2203666
-1 -0.9616848
-1 -0.8738268
-1 -1.7673859
-1 -3.4821382
-1 -3.1216146
-1 -1.348361
-1 -6.0708431
-1 -3.5263267
-1 -3.1414713
-1 -1.5281071
-1 -1.1650591
-1 -2.8986571
-1 -2.1689402
-1 -1.9847662
-1 -4.3429395
-1 -2.5799243
-1 -1.3088933
-1 -2.593073
-1 -2.947132
-1 -2.1127674
-1 -4.0292608
-1 -1.4130407
-1 -0.52248361
-1 -3.0909196
-1 -1.6675405
-1 -2.7523429
-1 -0.29562686
-1 -1.8909348
-1 -2.3038072
-1 -4.121279
-1 -3.5822847
-1 -4.7761711
-1 -1.2149043
-1 -2.1359754
-1 -2.4008768
-1 -6.2268136
-1 -4.6997083
-1 -3.4971493
-1 -3.0249771
-1 -4.1400178
-1 -4.0444676
-1 -4.2662707
-1 -7.1262756
-1 -3.3423973
-1 -0.74403517
-1 -3.684165
-1 -4.8138085
-1 -2.8366241
-1 -2.6218921
-1 -3.6609779
-1 -1.0447341
-1 -3.5414867
-1 -2.8196681
-1 -2.8145188
-1 -3.0275234
-1 -4.2229044
-1 -6.9362209
-1 -1.7338856
-1 -1.639997
-1 -2.8795697
-1 -3.6784782
-1 -5.8456454
-1 -1.4131494
-1 0.013274154
-1 -4.5411532
-1 -2.6895311
-1 -5.2542566
-1 -4.6469208
-1 -2.9876917
-1 -2.8052625
-1 0.11176189
-1 -4.9028095
-1 -6.728016
-1 -1.892428
-1 -2.3169066
-1 -7.0096513
-1 -1.0443379
-1 -2.4011424
-1 -2.1261084
-1 -2.2790453
-1 -1.6494415
-1 -2.8865471
-1 -1.4121926
-1 -2.577905
-1 -2.832455
-1 -2.5668553
-1 -2.7147732
-1 -1.4191144
-1 -2.4360924
-1 -2.7923938
-1 -1.9938381
-1 -3.8490721
-1 -0.71532276
-1 -1.5882496
-1 -2.4954326
-1 -0.75746378
-1 -3.7009798
-1 -3.0162418
-1 -6.3828343
-1 -1.3934908
-1 -2.803007
-1 -1.876615
-1 -1.8196921
-1 -1.1860457
-1 -3.4174909
-1 -1.3094084
-1 -4.7414707
-1 -0.32783698
-1 -0.41058859
-1 -2.6055499
-1 -2.3635516
-1 -2.1134581
-1 -2.2652824
-1 -1.650372
-1 -3.7583605
-1 -0.35084109
-1 -3.5818323
-1 -3.248222
-1 -1.3123708
-1 -3.4061719
-1 -3.5257354
-1 -2.5519795
-1 -2.6342428
-1 -1.5865048
-1 -3.8848704
-1 -2.9623262
-1 -3.8827117
-1 -2.1966165
-1 -1.3672656
-1 -0.14407816
-1 -3.5785603
-1 1.4771104
-1 -2.0603417
-1 -3.7981258
-1 -1.620499
-1 -1.8967596
-1 -4.3005842
-1 -2.9353743
-1 -2.5847398
-1 -2.4070468
-1 -2.5486729
-1 -4.2423578
-1 -3.1471015
-1 -0.94111324
-1 -2.469744
-1 -1.6597769
-1 -0.1375092
-1 -2.4844874
-1 -1.9014664
-1 -1.059785
-1 -2.5363367
-1 -3.9348595
-1 -4.5544026
-1 -2.64482
-1 -1.5524088
-1 -2.5577586
-1 -4.0214219
-1 -0.49161814
-1 -4.7507312
-1 -1.1431216
-1 -3.2175912
-1 -3.8303205
-1 -4.7570975
-1 -1.0766328
-1 -0.74586682
-1 -1.315516
-1 -4.8632427
-1 -0.76281217
-1 -0.77722232
-1 -4.9523637
-1 -1.1857907
-1 -2.0092799
-1 -5.3789251
-1 -1.8209154
-1 -2.8837396
-1 -3.0489526
-1 -1.3558131
-1 -3.3137173
-1 -2.3522239
-1 -3.7908366
-1 -5.3947748
-1 -4.1540323
-1 -4.234973
-1 -1.5498306
-1 -2.9285455
-1 -1.6744727
-1 -1.7121304
-1 -5.8862003
-1 -0.94570369
-1 -1.9147375
-1 -1.6062916
-1 -1.8990352
-1 -4.6213952
-1 -2.1360768
-1 -1.9445378
-1 -1.1841062
-1 -0.71426625
-1 -1.7066814
-1 -2.5690326
-1 -4.7268739
-1 0.46131193
-1 -1.0744455
-1 -0.85290908
-1 -3.3265241
-1 -2.9472063
-1 -2.6899689
-1 -2.5661374
-1 -3.7856047
-1 -1.4555913
-1 -4.780268
-1 -7.100654
-1 -2.6657552
-1 -3.5438736
-1 -3.0232613
-1 -2.0802368
-1 -3.2272135
-1 -1.0039678
-1 -0.86655148
-1 -1.8793206
-1 -4.7907632
-1 -4.5233757
-1 -1.4928159
-1 -5.4256735
-1 -1.1451429
-1 -3.0103495
-1 -3.4527927
-1 0.45326379
-1 -2.2226232
-1 -3.1477611
-1 -2.4060494
-1 -3.7995463
-1 -2.7421761
-1 -2.8252465
-1 -2.1579924
-1 -1.0488622
-1 -4.5521441
-1 -4.6578706
-1 -0.23415108
-1 -3.6944432
-1 -4.6912296
-1 -3.7194594
-1 -0.99705344
-1 -1.6346433
-1 -1.7815979
-1 -3.8341336
-1 -4.1649027
-1 -1.0575248
-1 -3.3979101
-1 -4.295109
-1 -4.0080678
-1 -1.6475353
-1 -3.0143005
-1 -2.2519344
-1 -3.4427247
-1 -2.3200204
-1 -0.42953861
-1 -4.1212712
-1 -2.7352821
-1 -1.5636638
-1 -2.3773646
-1 -0.61460187
-1 -2.4831718
-1 -1.5807753
-1 -3.2726964
-1 -1.6041063
-1 0.052200499
-1 -2.4991876
-1 -1.5542969
-1 -2.3387542
-1 -4.0782244
-1 -2.4709777
-1 -1.4362586
-1 -3.7417934
-1 -3.1706666
-1 -4.2481699
-1 -2.5688633
-1 -6.0253615
-1 -2.3269316
-1 0.010654554
-1 -6.6438389
-1 -3.0423087
-1 -2.5339695
-1 -5.4702851
-1 -7.4633425
-1 -2.3296785
-1 -1.2312006
-1 -2.4476427
-1 -3.0769106
-1 -1.7823129
-1 -2.1971595
-1 -2.565121
-1 -1.753706
-1 -0.13682885
-1 -1.1942858
-1 -1.2389312
-1 -2.2172109
-1 -1.8996552
-1 -3.8679519
-1 -0.64765722
-1 -1.2761164
-1 -3.7035555
-1 -0.87648879
-1 -3.1548704
-1 -2.3964096
-1 -2.455118
-1 -1.7607365
-1 0.53266377
-1 -2.0608673
-1 -2.3486959
-1 -3.3985851
-1 -1.2510051
-1 -2.2294929
-1 -1.9139226
-1 -2.8059201
-1 -1.3521736
-1 -2.6867518
-1 -1.7364213
-1 -0.88483537
-1 -5.1261521
-1 -5.4165421
-1 -4.4298735
-1 -1.1897663
-1 -5.025832
-1 -2.1294579
-1 -1.3152638
-1 -3.0801863
-1 -2.404363
-1 -5.5336695
-1 -4.2246266
-1 -3.1765338
-1 -2.6328028
-1 -3.7945118
-1 -1.3538474
-1 -1.7926119
-1 -2.6242595
-1 -3.1432028
-1 -2.027664
-1 -2.8092987
-1 -1.2159185
-1 -2.6758672
-1 -2.5079045
-1 -0.8496713
-1 -0.74264235
-1 -6.6690565
-1 -2.2650376
-1 -5.838362
-1 -1.2645931
-1 -5.6061298
-1 -1.6394866
-1 -4.6121606
-1 -4.5040108
-1 -2.1893918
-1 -0.7526026
-1 -0.099677621
-1 -2.8500593
-1 -2.3291842
-1 -2.4425796
-1 -1.629315
-1 -3.05854
-1 -2.2724224
-1 -4.3571145
-1 -3.9602649
-1 -3.7282135
-1 -1.5919021
-1 -4.7203541
-1 -1.2600036
-1 -5.9293097
-1 -2.1637985
-1 -6.226323
-1 -3.6741876
-1 -3.0556533
-1 -2.5142226
-1 -3.7043116
-1 -2.9354112
-1 -5.1453837
-1 -0.80265118
-1 -3.5407871
-1 -3.0164783
-1 -1.1077112
-1 -4.6143443
-1 0.014266692
-1 0.29027778
-1 -4.2277668
-1 -2.1009098
-1 -3.1107847
-1 -0.054761436
-1 -2.0155039
-1 -1.985251
-1 -4.4250099
-1 -1.328675
-1 -2.7415131
-1 -0.81616677
-1 -1.355841
-1 -4.4845519
-1 -4.4487329
-1 -2.6434946
-1 -2.1759844
-1 -3.5534157
-1 -2.1149168
-1 -1.6277706
-1 -1.5202744
-1 -1.6523448
-1 -2.3927824
-1 -1.8646895
-1 -2.7386723
-1 -0.41439716
-1 -2.3059763
-1 -2.4642984
-1 -4.6541112
-1 -3.161632
-1 -1.2132642
-1 -4.2625772
-1 -0.85281884
-1 -1.3848871
-1 -2.231756
-1 -0.123844
-1 -1.9688131
-1 -1.9120952
-1 -2.3744591
-1 0.14438301
-1 -1.5636768
-1 -4.503642
-1 -2.0510894
-1 -5.4141966
-1 -2.711201
-1 -4.7771884
-1 -1.9895972
-1 -1.5169756
-1 -2.7720371
-1 -1.9304654
-1 -1.616147
-1 -1.5020859
-1 -3.1145069
-1 -4.0652233
-1 -1.6399489
-1 -3.3775047
-1 -8.6116108
-1 -4.2895096
-1 -1.5017256
-1 -2.6009595
-1 -1.8358234
-1 -2.3314919
-1 -1.0553895
-1 -3.3542444
-1 -1.5096124
-1 -3.1856662
-1 -2.1543678
-1 -2.8364395
-1 0.50816177
-1 -2.7447462
-1 -3.0308583
-1 -2.5138325
-1 -1.1494347
-1 -1.3588813
-1 -3.2633294
-1 -4.9323495
-1 -3.3978502
-1 -1.808412
-1 -1.7942233
-1 -3.0046944
-1 -2.4589502
-1 -2.8321214
-1 -2.0645356
-1 -2.0737179
-1 -2.8035939
-1 -2.1759977
-1 -4.0583336
-1 -2.33493
-1 -0.66832084
-1 -4.6694954
-1 -3.983743
-1 -1.6049159
-1 -2.2747035
-1 -4.4673241
-1 -3.3186487
-1 -1.3890263
-1 -2.8849037
-1 -1.9883916
-1 -2.2839222
-1 -4.0829501
-1 -2.3154115
-1 -4.2415836
-1 -3.4902737
-1 -2.1438347
-1 -5.8857594
-1 -0.8955103
-1 -3.0462052
-1 -3.2466296
-1 -5.3818023
-1 -3.5835251
-1 -2.7791926
-1 -2.3585321
-1 -4.3199364
-1 -1.902439
-1 -4.0122477
-1 -1.9411959
-1 -1.8865433
-1 -4.045176
-1 -1.5086898
-1 -1.6707191
-1 -0.48013674
-1 -0.86123112
-1 -2.7051979
-1 -2.9205731
-1 -2.309595
-1 -7.8525494
-1 -1.8225195
-1 -1.3499331
-1 -0.93160022
-1 0.78296337
-1 -2.8934125
-1 -3.1454138
-1 0.10918038
-1 -4.5233416
-1 -2.2029588
-1 -0.10984121
-1 -1.9102952
-1 -1.2214088
-1 -3.616814
-1 -2.2795852
-1 -1.7253438
-1 -2.0416137
-1 -3.315212
-1 -2.7682925
-1 -1.4485922
-1 -1.6580711
-1 -2.892267
-1 -2.0344934
-1 -2.8630888
-1 -2.4904027
-1 -1.2860868
-1 -4.7980784
-1 -2.5989086
-1 0.13433802
-1 -0.45169469
-1 -3.1862033
-1 -2.1638051
-1 -4.2835392
-1 -2.0338301
-1 -0.23748244
-1 -5.2698396
-1 -2.1688139
-1 -4.5827148
-1 -2.0059294
-1 -3.4395787
-1 -1.5591854
-1 -2.1317041
-1 -1.1322523
-1 -3.1936582
-1 -2.2834141
-1 -3.4923207
-1 -4.3785482
-1 -1.7053237
-1 -3.2386764
-1 -0.93780063
-1 -1.179079
-1 -1.5768179
-1 -3.3259299
-1 -5.1100184
-1 -2.5851537
-1 -0.29394635
-1 -2.0427366
-1 -2.8859737
-1 -1.0254473
-1 -3.3900845
-1 -0.40739391
-1 -1.7221224
-1 -3.2659717
-1 -2.2556491
-1 -1.2819104
-1 -2.700046
-1 -5.3968735
-1 -2.1604488
-1 -4.3966679
-1 -4.6358242
-1 -1.6904396
-1 -2.3827934
-1 -2.0380025
-1 -1.6120902
-1 -1.9172256
-1 -2.511206
-1 -3.3345054
-1 -1.7070897
-1 -2.9306528
-1 -1.8766243
-1 -2.6902035
-1 -1.3781552
-1 -0.93561802
-1 -2.3662689
-1 -3.366611
-1 -1.8451476
-1 -2.7185466
-1 -2.4977444
-1 -1.8616931
-1 -3.7516932
-1 -0.31433332
-1 -2.7730339
-1 -1.7728032
-1 -2.2853385
-1 -2.6420969
-1 -0.28238917
-1 -1.8138143
-1 -2.5871351
-1 -0.93235142
-1 -3.3270414
-1 -1.5733305
-1 -3.1603296
-1 -1.5337422
-1 -4.0903257
-1 -1.5599452
-1 -0.30583215
-1 -4.4437628
-1 -3.4357182
-1 -1.9455011
-1 -2.0334896
-1 -2.7727255
-1 1.1248829
-1 -0.92809132
-1 -2.6463091
-1 -2.2822741
-1 -3.5936148
-1 -2.9292278
-1 -1.4607449
-1 -1.9922937
-1 0.20335062
-1 -1.5400205
-1 -1.606932
-1 -1.3955522
-1 -1.4446407
-1 -2.4866062
-1 -1.8317977
-1 -1.9845346
-1 -2.0374013
-1 -3.6655086
-1 -2.9272528
-1 -3.2607548
-1 -1.7543502
-1 -1.0992786
-1 -1.1564468
-1 -1.7619298
-1 -2.5457303
-1 -1.0211994
-1 -3.8527704
-1 -1.8799454
-1 -3.2352711
-1 -1.304323
-1 -1.0869563
-1 -3.9068063
-1 -1.3666928
-1 -1.9505055
-1 -2.0681944
-1 -2.1774537
-1 -2.2360296
-1 -1.4578996
-1 -4.3680871
-1 -4.8208774
-1 -1.9005128
-1 -2.224588
-1 -1.0496738
-1 -2.4811903
-1 -3.0408071
-1 -2.0919509
-1 -2.4766165
-1 -5.7065259
-1 -2.7013709
-1 -3.8093135
-1 -8.8714069
-1 -2.0753384
-1 -2.8922453
-1 -2.7198283
-1 -1.7726426
-1 -2.8365829
-1 -1.9376746
-1 -1.0996712
-1 -3.6406025
-1 -1.2255199
-1 -2.2910527
-1 -2.5898953
-1 -3.3528242
-1 -3.5463928
-1 -2.0630189
-1 -1.1425343
-1 -2.7584156
-1 -1.9997856
-1 -1.7315203
-1 -2.1602684
-1 -3.087973
-1 -4.7833906
-1 -3.4927248
-1 -0.89772383
-1 -4.9615682
-1 -2.4779321
-1 -3.8686329
-1 -1.2259614
-1 -2.7906826
-1 -2.1730164
-1 -2.7966706
-1 -0.63022766
-1 -3.238254
-1 -3.4088525
-1 -6.4171874
-1 -8.5983186
-1 -3.0604342
-1 -3.1942469
-1 -8.3449439
-1 -1.5467069
-1 -4.9705283
-1 -2.5286679
-1 -3.4457833
-1 -4.8967328
-1 -0.15080873
-1 -3.0432598
-1 -1.7768656
-1 -1.4697991
-1 -2.2517458
-1 -1.5109696
-1 -3.2918324
-1 -3.2097149
-1 -0.84169661
-1 -1.7726919
-1 -3.4210977
-1 -2.6696895
-1 -1.2843412
-1 -3.7177536
-1 0.15940266
-1 -3.3630167
-1 -1.5918908
-1 -3.6700702
-1 -1.4744483
-1 -2.0206212
-1 -2.6086877
-1 -2.1405998
-1 -3.2867013
-1 -2.1360455
-1 -1.6756128
-1 -2.2705485
-1 -1.7156271
-1 -1.6813114
-1 -4.4626689
-1 -2.0826075
-1 -4.2047628
-1 -1.2029652
-1 -3.5684891
-1 -1.5377613
-1 -2.4224588
-1 -3.1199702
-1 -2.1934588
-1 -2.6455778
-1 0.49230243
-1 -2.6733429
-1 -3.5143347
-1 -3.7615785
-1 -1.1214483
-1 -1.947564
-1 -1.2140434
-1 -0.86474226
-1 -1.4546833
-1 -3.8173718
-1 -2.8944503
-1 -6.554313
-1 -2.5312894
-1 -3.7609569
-1 -3.207239
-1 -3.7525283
-1 -4.0351455
-1 -2.7433205
-1 -2.8130831
-1 -3.2846589
-1 -1.0309739
-1 -0.87831744
-1 0.74570639
-1 -2.340079
-1 -2.1183534
-1 -1.6375914
-1 -3.9523024
-1 -4.2763757
-1 -2.7694065
-1 -1.5410021
-1 -2.2119174
-1 -1.076394
-1 -1.3536168
-1 -1.9056346
-1 -1.1848657
-1 -3.3173411
-1 -0.70806675
-1 -2.9583863
-1 -3.1662801
-1 -2.5119375
-1 -2.6610581
-1 -2.7624668
-1 -2.1133516
-1 -4.050755
-1 -0.26988249
-1 -2.4479946
-1 -1.9263683
-1 -3.8268592
-1 -2.7205823
-1 -3.3502219
-1 -1.7379376
-1 -1.0807507
-1 -3.4452052
-1 -4.543971
-1 -2.9132832
-1 -2.0135472
-1 -1.8907392
-1 -1.2646354
-1 -1.9976546
-1 -2.0807332
-1 -3.681963
-1 -2.6209393
-1 -0.77354957
-1 0.49943921
-1 -1.8599398
-1 -2.1393532
-1 -3.1880413
-1 0.33529055
-1 -0.86134296
-1 -3.1483658
-1 -1.6407125
-1 -3.1938451
-1 -3.8198685
-1 -1.5412939
-1 -2.3462436
-1 -2.0312658
-1 -4.0185265
-1 -1.433375
-1 -3.6376614
-1 -1.7885617
-1 -2.7432731
-1 -1.9341473
-1 -2.1262208
-1 -3.2468096
-1 -1.3698196
-1 -2.6258505
-1 -0.43549123
-1 -2.1380997
-1 -1.3939072
-1 -1.5155459
-1 -1.5286164
-1 -1.6361367
-1 -2.6626763
-1 -0.91598227
-1 0.43055174
-1 -5.2883885
-1 -1.6066781
-1 -1.2042119
-1 -4.8729193
-1 -1.9307534
-1 -2.3315027
-1 0.014820998
-1 -2.391208
-1 -2.2892095
-1 -0.8501
-1 -4.3906012
-1 -1.5391024
-1 -2.16611
-1 -3.0570451
-1 -1.1657369
-1 -2.3244328
-1 -4.4070487
-1 -0.3422659
-1 -2.0096538
-1 -0.62007249
-1 -1.6535704
-1 -2.1134492
-1 -2.315904
-1 -1.6007094
-1 -4.1216932
-1 -2.4785999
-1 -6.4735577
-1 -2.1957641
-1 -2.5375423
-1 -2.4109952
-1 -2.3229163
-1 -4.3609532
-1 -2.715678
-1 -2.533649
-1 -1.0751319
-1 -1.5143412
-1 -1.1228008
-1 -1.9457046
-1 -3.6641036
-1 -2.2222645
-1 -4.0757369
-1 -1.4742793
-1 -2.7382281
-1 -3.6832841
-1 -1.3823401
-1 -2.7368747
-1 -1.3291816
-1 -3.1688451
-1 -1.8358949
-1 -0.41587935
-1 -1.1268102
-1 -7.0210307
-1 -3.1637833
-1 -4.5712275
-1 -3.2953679
-1 -4.5076649
-1 -1.923193
-1 -1.3480693
-1 -3.4215762
-1 -2.5412127
-1 -2.5642503
-1 -3.0121676
-1 -0.4664711
-1 -1.7426239
-1 -2.5248644
-1 -4.6999528
-1 -1.5694347
-1 -2.6853288
-1 -3.4391674
-1 -1.092096
-1 -2.9628238
-1 -2.2433361
-1 -2.7667069
-1 -3.5897629
-1 -0.54108228
-1 -4.0382531
-1 -1.6285788
-1 -4.1819913
-1 0.73158882
-1 -4.1262661
-1 -3.5573227
-1 -1.6360718
-1 -1.2667732
-1 -3.4678299
-1 -1.5417874
-1 -1.8407876
-1 -4.1910607
-1 -2.7089672
-1 -3.0662482
-1 -3.8015547
-1 -3.007023
-1 -0.73296183
-1 -4.7177473
-1 -2.2037951
-1 -1.8998413
-1 -3.0379946
-1 -3.7174321
-1 -2.0944439
-1 -2.9208494
-1 -3.3877702
-1 -1.7048418
-1 -1.0898784
-1 -1.0627916
-1 -0.073654216
-1 -1.831914
-1 -1.8808909
-1 -2.5923274
-1 -3.5301427
-1 -2.14673
-1 -0.35778618
-1 -5.487219
-1 -3.2196252
-1 -3.0055496
-1 -1.5381494
-1 0.87454411
-1 -2.8638043
-1 -2.0724346
-1 -3.7503744
-1 -0.93176864
-1 -0.78102967
-1 -1.5210285
-1 -3.057573
-1 -4.7145139
-1 -2.8917903
-1 -3.66381
-1 -3.5407279
-1 -4.7902933
-1 -2.8941132
-1 -4.7880793
-1 -2.5089784
-1 -2.3754662
-1 -1.0431949
-1 -2.4395352
-1 -7.4208821
-1 -5.6027092
-1 -2.293167
-1 -4.7153152
-1 -5.8527516
-1 -2.8040994
-1 -4.7175588
-1 -2.7891991
-1 -2.3678633
-1 -1.4028774
-1 -4.3164906
-1 -4.805897
-1 -1.926038
-1 -1.2450025
-1 -2.7434719
-1 -2.4680122
-1 -2.4413302
-1 -0.75408219
-1 -1.4470971
-1 -3.4976974
-1 -1.8536212
-1 -2.4437638
-1 -3.6021847
-1 -1.8922138
-1 -2.1547195
-1 -1.4922227
-1 -1.7992814
-1 -0.5515828
-1 -3.5025411
-1 -2.2921567
-1 -2.7700818
-1 -3.3654964
-1 -4.868838
-1 -2.1631893
-1 -2.5491408
-1 -1.18408
-1 -0.73896966
-1 -1.639283
-1 -4.8145809
-1 -0.33304427
-1 -2.4782696
-1 -6.7653117
-1 -4.037778
-1 -2.5757237
-1 -4.2484419
-1 -1.3759868
-1 -1.8984003
-1 -1.4807226
-1 -1.4598215
-1 -1.742389
-1 -0.98130573
-1 -7.2576959
-1 -3.8334188
-1 -4.016505
-1 -0.97993119
-1 -2.6789029
-1 -0.81324198
-1 -1.6458734
-1 -2.7167388
-1 -1.448991
-1 -3.6992994
-1 -0.60849021
-1 -0.90942202
-1 -2.9781634
-1 -5.3940159
-1 -0.44411914
-1 -1.617683
-1 -2.7138442
-1 -3.8053064
-1 -0.49351469
-1 -2.6640305
-1 -3.8287596
-1 -2.5043776
-1 -4.251097
-1 -3.2672097
-1 -6.6017774
-1 -3.5281847
-1 -2.3864557
-1 -2.6856335
-1 -0.23368734
-1 1.4527085
-1 -3.7489838
-1 -3.9279581
-1 -2.0900764
-1 -2.5251641
-1 -2.4256781
-1 -2.8664855
-1 -1.7190876
-1 -2.296526
-1 -2.2201125
-1 -1.743932
-1 -2.8371596
-1 -1.8315331
-1 -1.1380379
-1 -3.3929978
-1 -3.4058647
-1 -5.3189785
-1 -5.3303798
-1 -3.536622
-1 -2.277399
-1 -1.8043559
-1 -1.9216844
-1 -3.4298497
-1 -1.7127871
-1 -2.0042035
-1 -1.8536405
-1 -1.9420558
-1 -0.49003378
-1 -3.7929119
-1 -5.8288789
-1 -6.6901445
-1 -5.4864785
-1 -3.8935185
-1 -2.0184717
-1 -3.9147316
-1 -2.7382134
-1 -5.2966486
-1 -2.9571645
-1 -2.9180059
-1 -1.5905743
-1 0.7784816
-1 -2.2419876
-1 -1.6389214
-1 -3.1758839
-1 -1.348548
-1 -2.5964888
-1 -0.66836155
-1 -4.0957923
-1 -1.6613695
-1 -2.3288264
-1 -2.3725523
-1 -3.3866581
-1 -2.6845104
-1 -1.6903535
-1 -4.0787397
-1 -3.3693798
-1 -3.0000301
-1 -1.3741574
-1 -2.8014276
-1 -2.874512
-1 -2.3736725
-1 -1.7337113
-1 -1.7164007
-1 -2.9569004
-1 -0.49609668
-1 -1.3090099
-1 -1.3678993
-1 -2.2522843
-1 -4.1721534
-1 -1.8802099
-1 -0.5662711
-1 -1.3918432
-1 -1.672913
-1 -1.7447942
-1 -3.4900027
-1 -2.0196389
-1 -1.500043
-1 -5.1603317
-1 -1.2339847
-1 -1.259187
-1 -0.54176357
-1 -2.5773619
-1 -3.3797109
-1 -1.7299075
-1 -4.0793107
-1 -3.1203536
-1 -2.4062964
-1 -2.6282844
-1 -2.2647692
-1 -1.5389935
-1 -3.1844325
-1 -2.6209471
-1 -2.9287556
-1 -1.9728358
-1 -0.84665359
-1 -2.8834746
-1 -3.5839421
-1 -3.1157126
-1 -1.6675249
-1 -3.0454555
-1 -6.6481519
-1 -1.7537492
-1 -3.9755645
-1 -3.6244419
-1 -2.3991096
-1 -2.1429314
-1 -1.8609692
-1 -3.0502076
-1 -2.0533882
-1 -2.1107318
-1 -1.9611151
-1 -0.38668864
-1 -2.2639564
-1 -2.6917875
-1 -1.8806418
-1 -1.7875709
-1 -3.1779643
-1 -3.3452647
-1 -2.929478
-1 -4.1244341
-1 -2.2761287
-1 -2.1407151
-1 -7.3916171
-1 -2.599815
-1 -2.5931894
-1 -0.90620686
-1 -0.92912097
-1 -0.40679739
-1 -4.533816
-1 -3.1374025
-1 -2.0485376
-1 -2.2338012
-1 -2.4143319
-1 -2.5384512
-1 -1.7317814
-1 -4.4999154
-1 -2.5199102
-1 -0.43289789
-1 -1.9668318
-1 -0.78202272
-1 -2.6412871
-1 -2.3920329
-1 -4.3701343
-1 0.7141747
-1 -2.344
-1 -0.85154474
-1 -4.2163144
-1 -1.2543614
-1 -1.116269
-1 -2.0094745
-1 -1.2881979
-1 -3.1508067
-1 -4.5075169
-1 -2.7809446
-1 -0.84584834
-1 -4.999669
-1 -1.639962
-1 -1.3553814
-1 -3.8354387
-1 -2.5879831
-1 -3.0221286
-1 -1.5173068
-1 -4.5839585
-1 -3.0673301
-1 -1.0389782
-1 -3.3399713
-1 -2.3026546
-1 -3.6415394
-1 -1.9328546
-1 -4.6023016
-1 -3.3283496
-1 -3.8502849
-1 -0.68101818
-1 -2.1328825
-1 -3.2803697
-1 -2.1248234
-1 -1.6943418
-1 -4.2591717
-1 -1.4919302
-1 -2.5710671
-1 -1.600927
-1 -3.4748561
-1 -2.5179397
-1 -1.8444037
-1 -2.936851
-1 -1.3770915
-1 -2.138468
-1 -5.5406706
-1 -1.9176099
-1 -3.8923895
-1 -3.6228012
-1 -3.0649509
-1 -1.0282639
-1 -3.0969258
-1 -1.4774868
-1 -2.3304325
-1 -1.9837879
-1 -2.5160943
-1 -1.2443933
-1 -3.3578952
-1 0.070880111
-1 -1.2210775
-1 -2.8049197
-1 -3.1671538
-1 -1.0509864
-1 -2.5441987
-1 -1.3168402
-1 -0.49567025
-1 -2.5561936
-1 -1.4864748
-1 -2.4815433
-1 -5.4297031
-1 -1.6185414
-1 -2.7892701
-1 -6.0890534
-1 -6.5070647
-1 -2.3841933
-1 -1.3705434
-1 -5.2038093
-1 -3.5420949
-1 -2.0111599
-1 -2.7986102
-1 -2.6694626
-1 -2.4091902
-1 -5.1498583
-1 -1.344831
-1 -5.679018
-1 -5.8069528
-1 -2.599773
-1 -3.5369759
-1 -4.1377842
-1 -3.5811254
-1 -0.78454421
-1 -1.1738141
-1 -1.3317839
-1 -1.2210836
-1 -4.6221711
-1 -6.0802547
-1 -2.025994
-1 -3.8423098
-1 -4.519435
-1 -2.24633
-1 -3.078837
-1 -0.97243034
-1 -4.0939879
-1 -2.644992
-1 -2.9067367
-1 -3.0589181
-1 -2.5012198
-1 -2.3719273
-1 -1.2759983
-1 -1.503266
-1 -1.9368412
-1 -4.0722999
-1 -2.9863654
-1 -3.6303896
-1 -6.0232259
-1 -1.5868512
-1 -3.0572414
-1 -2.447487
-1 -2.1094759
-1 -3.0633686
-1 -1.9974531
-1 -3.9602086
-1 -3.3203214
-1 -0.82306037
-1 -0.48705854
-1 -3.127176
-1 -0.52777198
-1 -2.8341046
-1 -3.047128
-1 -1.6245915
-1 -2.4332841
-1 -1.6031337
-1 -2.8407024
-1 -4.5224629
-1 -2.8764909
-1 -1.1275331
-1 -2.2685994
-1 -2.3252594
-1 -3.5203503
-1 -6.8114958
-1 -0.83400731
-1 -0.6805725
-1 -1.904269
-1 -3.1617276
-1 -0.89375177
-1 -0.4580673
-1 -2.8189444
-1 -2.7210524
-1 -3.4327884
-1 -1.7548894
-1 -0.77600786
-1 -2.8142761
-1 -1.1465912
-1 -1.379027
-1 -5.0250321
-1 -1.9925755
-1 -5.0732829
-1 -2.6012068
-1 -1.7359437
-1 -4.115535
-1 -4.271925
-1 -2.1723097
-1 -2.917831
-1 -1.5452425
-1 -2.4062149
-1 -5.3222345
-1 -3.4714655
-1 -0.34486424
-1 -0.66856193
-1 -3.9935098
-1 -2.183641
-1 -1.4348787
-1 -2.0787767
-1 -1.1513469
-1 -1.5279673
-1 -0.090819392
-1 -1.1498884
-1 -3.1465834
-1 -4.6507684
-1 -2.9732057
-1 -1.1777091
-1 -1.2112335
-1 -6.103296
-1 -1.3117291
-1 -2.9348977
-1 -1.6753733
-1 -7.7991952
-1 -2.9044749
-1 -2.9242209
-1 -3.6189352
-1 -5.0330354
-1 -2.7329083
-1 -1.4413158
-1 -3.1049451
-1 -4.5015114
-1 -1.0717641
-1 -1.8874129
-1 -2.123336
-1 -3.3701346
-1 -2.220898
-1 -2.8981378
-1 -4.1917896
-1 -2.6663382
-1 -3.9973188
-1 -6.5315544
-1 -4.3428947
-1 -4.2214721
-1 -1.3173431
-1 -2.0551801
-1 -2.6713309
-1 -2.2159833
-1 -4.0320798
-1 -5.1249905
-1 -2.8313948
-1 -4.3836844
-1 0.073055984
-1 -2.02813
-1 -2.0333472
-1 -3.2995021
-1 -3.9987706
-1 -3.1922516
-1 -8.2436115
-1 -0.82057716
-1 -1.4871675
-1 -0.28919733
-1 -1.7612058
-1 -1.2746032
-1 -5.0263775
-1 -0.54163312
-1 -4.5780676
-1 -2.7784873
-1 -2.0735574
-1 -2.9917686
-1 -0.56364032
-1 -2.6195231
-1 -3.9067732
-1 -2.687656
-1 -2.8651004
-1 -0.74582627
-1 -0.89328388
-1 -7.4438498
-1 -2.6215887
-1 -2.4040052
-1 -1.9535872
-1 -2.7788752
-1 -6.180854
-1 -1.9349608
-1 -1.9852965
-1 -1.3246409
-1 0.6472943
-1 -2.7865293
-1 -3.2729794
-1 -5.1586826
-1 -2.5693189
-1 -0.98413717
-1 -1.9509326
-1 -1.8544914
-1 -2.4701703
-1 -3.7627258
-1 -0.94861307
-1 -3.6583231
-1 -4.1127184
-1 1.4129758
-1 -7.0289163
-1 -7.200177
-1 -2.2738592
-1 -3.9259321
-1 -0.89341059
-1 -5.0871139
-1 -1.2675516
-1 -1.6318915
-1 -2.5888787
-1 -7.6955757
-1 -1.4549858
-1 -1.2634894
-1 -3.3730232
-1 -2.3681708
-1 -2.2468608
-1 -1.7452069
-1 -1.5598935
-1 -4.1562609
-1 -1.9485944
-1 -3.2963106
-1 -4.1671853
-1 -3.1229156
-1 -1.7595485
-1 -2.2731302
-1 -2.6244482
-1 -3.881347
-1 -1.9070015
-1 -2.1580254
-1 -2.9942824
-1 -3.0859332
-1 -2.5810222
-1 -3.0490346
-1 -1.5659441
-1 -2.4358497
-1 -3.7318772
-1 -3.2448775
-1 -2.2956732
-1 -1.5974869
-1 -2.392542
-1 -3.2037212
-1 -1.6337071
-1 -4.8051491
-1 -0.86805308
-1 -2.1426526
-1 0.23453198
-1 -3.3802885
-1 -1.645118
-1 -1.1895853
-1 -3.1523673
-1 -3.4215385
-1 -3.2725827
-1 -1.85026
-1 -1.7719586
-1 -5.4366764
-1 -2.1301508
-1 -2.8206104
-1 -2.061835
-1 -1.5521638
-1 -4.3557
-1 -4.1284459
-1 -1.9983422
-1 -0.44141876
-1 -2.0758609
-1 -2.9648426
-1 -1.7844113
-1 -2.4822872
-1 -0.72483001
-1 -2.2500504
-1 -5.1499565
-1 -3.6571775
-1 -1.3594169
-1 -1.0730345
-1 -0.43558468
-1 -6.9367443
-1 -3.801138
-1 -4.4576613
-1 -1.5313771
-1 -3.2111768
-1 -0.76569745
-1 -4.6685921
-1 -3.9294714
-1 -3.7170735
-1 -1.6159626
-1 -1.7511742
-1 -3.3125876
-1 -1.5954712
-1 -2.1055752
-1 -2.7510714
-1 -1.4605231
-1 -3.0798312
-1 -1.509582
-1 -3.164943
-1 -0.75857322
-1 -1.7258814
-1 -4.4578742
-1 -3.2984962
-1 -4.1316969
-1 -3.6538306
-1 -1.0492247
-1 -0.75136768
-1 -0.51599454
-1 -0.79319314
-1 0.95858568
-1 -4.5915154
-1 -0.90891827
-1 -0.77383769
-1 -4.6137766
-1 -2.8153805
-1 -1.9306869
-1 -2.5838255
-1 -0.17725619
-1 -2.455917
-1 -3.2873655
-1 -2.4287963
-1 -2.8913963
-1 -6.6098348
-1 -3.1567638
-1 -1.0659387
-1 -5.805435
-1 -2.0396784
-1 -3.9825393
-1 -3.4976374
-1 -1.964804
-1 -1.1386866
-1 -3.1652859
-1 -2.4052946
-1 -2.1951911
-1 -1.1295651
-1 -7.411515
-1 -5.5337062
-1 -0.16521171
-1 -4.1227371
-1 -2.5357355
-1 -1.8504255
-1 -4.1426622
-1 -1.8452417
-1 -2.4111562
-1 -1.7612569
-1 -1.0933154
-1 -2.5722916
-1 -2.9068713
-1 -3.8258165
-1 -2.5321333
-1 -2.0433444
-1 -2.123367
-1 -1.7793918
-1 -1.4432085
-1 -4.6353231
-1 -3.5854218
-1 -3.5305359
-1 -2.473755
-1 -2.2958443
-1 -3.062856
-1 0.092945432
-1 -1.4062503
-1 -3.4975934
-1 -1.842798
-1 -1.5225095
-1 -0.53218255
-1 -2.0210401
-1 -0.79550013
-1 -5.0359845
-1 -0.81412368
-1 -2.2875739
-1 -1.0221027
-1 0.34411788
-1 -1.8939001
-1 -2.7729014
-1 -5.8434533
-1 -2.8589766
-1 -2.1387755
-1 -0.012320814
-1 -1.0716267
-1 -2.6888525
-1 -2.5422409
-1 -2.7782516
-1 -2.4971828
-1 -1.3258102
-1 -2.8627085
-1 -2.5612568
-1 -2.6253682
-1 -2.8547158
-1 -2.0421148
-1 -4.739432
-1 -2.5307054
-1 -4.5691751
-1 -2.2022945
-1 -3.6210536
-1 -6.9922957
-1 -2.7155039
-1 -1.4147013
-1 -6.904474
-1 -1.6152404
-1 -2.7108826
-1 -1.4648536
-1 -0.46656012
-1 -4.810795
-1 -2.9637718
-1 -3.1429118
-1 -1.6034056
-1 -1.4399809
-1 -1.5012603
-1 -1.7242008
-1 -2.3753555
-1 -2.9706005
-1 -2.1486601
-1 -2.6402384
-1 -2.3776253
-1 -1.2875455
-1 -1.6681445
-1 -0.4841052
-1 -1.5566367
-1 -4.464175
-1 -2.1903494
-1 -3.7789654
-1 -3.3346071
-1 -2.3517837
-1 -1.3949957
-1 -0.40400599
-1 -0.9996011
-1 -0.93192383
-1 -1.9893283
-1 -1.5353303
-1 -5.0570443
-1 -3.2247263
-1 -3.1909019
-1 -3.7041926
-1 -3.1226533
-1 -4.2790725
-1 -2.3191629
-1 -3.565577
-1 -2.4134919
-1 -0.060757315
-1 0.22037529
-1 -3.2328574
-1 -0.48304497
-1 -3.0924067
-1 -7.4741949
-1 -0.96029551
-1 -1.385311
-1 -0.2059158
-1 -3.2560299
-1 -1.9760227
-1 -3.2929536
-1 -3.7567871
-1 -1.5943289
-1 -1.49606
-1 -1.9375123
-1 -1.5221482
-1 -3.0914249
-1 -2.2413993
-1 -1.7297292
-1 -3.197059
-1 -2.7081034
-1 -0.76612554
-1 -5.6687293
-1 -3.8944776
-1 -3.6765915
-1 -0.26289823
-1 -3.9091122
-1 -2.7760688
-1 -0.97070103
-1 -4.1785094
-1 -2.0162714
-1 -1.2477629
-1 -3.2555778
-1 -5.2166255
-1 -4.5915585
-1 -3.0996343
-1 -2.9668083
-1 -3.0835231
-1 -5.3163575
-1 -4.7448386
-1 -2.2451014
-1 -0.59572099
-1 -2.5695649
-1 -2.6255305
-1 -2.3434975
-1 -2.4488394
-1 -0.72580051
-1 -0.66635168
-1 1.3228632
-1 -2.0200065
-1 -1.429037
-1 -1.7949946
-1 -4.090282
-1 -3.3348236
-1 -1.4746024
-1 -2.1144116
-1 -2.6726307
-1 -6.7963016
-1 -3.0382727
-1 -2.0800344
-1 -1.9823667
-1 -1.3352031
-1 -1.7653214
-1 -3.5437092
-1 -0.1624515
-1 -0.86720766
-1 -4.9235305
-1 -0.6071751
-1 -1.81117
-1 -2.184113
-1 -3.5033102
-1 -2.8957043
-1 -0.68512199
-1 -1.4235908
-1 -0.92238222
-1 -2.5327264
-1 -1.2400143
-1 -3.871185
-1 -1.8778383
-1 -2.8969533
-1 -2.2100258
-1 -2.24282
-1 -0.61807632
-1 -0.88911153
-1 -3.6970173
-1 -1.6223933
-1 -4.7060479
-1 -2.7995002
-1 -1.529621
-1 -4.0974885
-1 -3.9690341
-1 -0.22036586
-1 -4.6027997
-1 -2.3749001
-1 -0.9296342
-1 -2.8319778
-1 -3.4622421
-1 -2.7545058
-1 -4.1321066
-1 -2.2370769
-1 -3.1667354
-1 -1.1127107
-1 -2.6006246
-1 -3.5251429
-1 -1.0254327
-1 -4.9786086
-1 -2.7498272
-1 -1.1524161
-1 -2.1008663
-1 -1.6904093
-1 -3.4757238
-1 -2.951878
-1 -1.1589338
-1 -2.8407576
-1 0.60485233
-1 -2.6157341
-1 -1.6039713
-1 -1.6242745
-1 -3.3005754
-1 -1.5831961
-1 -1.8353079
-1 -1.1889666
-1 -3.0242381
-1 -1.1639937
-1 -3.3719393
-1 -2.5491092
-1 -2.8772849
-1 -2.9380546
-1 -2.0970803
-1 -3.506107
-1 -1.4828127
-1 -1.5858931
-1 -2.4363787
-1 -5.7094108
-1 -3.1420748
-1 -4.8671824
-1 -3.7679152
-1 -5.0586703
-1 -3.1270486
-1 -2.8811358
-1 -2.5946433
-1 -3.5125386
-1 -1.1946961
-1 -2.2332795
-1 -0.71662389
-1 -3.2436138
-1 -6.9933219
-1 -1.5827385
-1 -1.300164
-1 -1.9213932
-1 -2.1948753
-1 -3.5331116
-1 -1.7804348
-1 -0.65494716
-1 -2.8449125
-1 -1.8175919
-1 -2.2950549
-1 -1.1646956
-1 -4.1673073
-1 -5.0854637
-1 -1.8423801
-1 -1.1116325
-1 -4.8299104
-1 -4.5640112
-1 -1.8629929
-1 -3.595371
-1 -0.80708044
-1 -5.5745949
-1 -0.85528192
-1 -2.0599502
-1 -1.735914
-1 -0.068286774
-1 -1.8372401
-1 -7.2025302
-1 -4.3414491
-1 -0.47817657
-1 -1.8707909
-1 -2.737746
-1 -1.8307097
-1 -5.3845344
-1 -1.7027858
-1 -1.4004489
-1 -4.0006658
-1 -0.74935079
-1 -2.934104
-1 -1.5694618
-1 -1.3717344
-1 -2.8541741
-1 -0.49589038
-1 -3.5883212
-1 -3.4544808
-1 -2.6325841
-1 -3.4295695
-1 -5.1126723
-1 -1.4257022
-1 -3.3092995
-1 -0.49022905
-1 -3.8631982
-1 -2.2892642
-1 -0.66643346
-1 -0.85922341
-1 -2.1526325
-1 -3.3307714
-1 -1.6820525
-1 -2.3194771
-1 -1.706596
-1 -1.3022789
-1 0.4789445
-1 -5.0039453
-1 -3.1610288
-1 -2.6967354
-1 -4.5250808
-1 -1.8000946
-1 -3.3671827
-1 -0.25325397
-1 -2.3494821
-1 -2.909758
-1 -1.4984594
-1 -0.92525133
-1 -2.9501866
-1 -5.1409574
-1 -5.8308898
-1 -0.98467112
-1 -1.3160966
-1 -2.4364452
-1 -1.1583074
-1 -1.4438279
-1 -0.37112921
-1 -3.2021457
-1 -0.94494202
-1 -1.7693588
-1 -3.788257
-1 -1.665031
-1 -2.476416
-1 -0.97416142
-1 -5.5479561
-1 -1.1635094
-1 -0.79725459
-1 -2.6374501
-1 -5.547526
-1 -2.8575368
-1 -2.09953
-1 -0.26901905
-1 -1.2379905
-1 -1.2851399
-1 -0.52507327
-1 -2.5504165
-1 -2.0904969
-1 -2.6919795
-1 -1.5190306
-1 -4.2595819
-1 -4.4729832
-1 -2.5419816
-1 -2.129813
-1 -1.4490334
-1 -2.447409
-1 -3.1074572
-1 -2.6512171
-1 0.6213479
-1 -3.0814838
-1 -2.0867089
-1 -2.385967
-1 -2.12785
-1 -2.2851261
-1 -2.2389657
-1 -4.5946605
-1 -2.7734861
-1 -4.05217
-1 -4.0028232
-1 -3.1560651
-1 -7.9767556
-1 -3.2109347
-1 -3.9286117
-1 -1.6491067
-1 -1.9991613
-1 -4.5495782
-1 -1.8788562
-1 -3.4902538
-1 -2.8883184
-1 -0.94914689
-1 -1.5769719
-1 -3.3848013
-1 -1.0535812
-1 -2.5533307
-1 -1.7925468
-1 -2.7333531
-1 -2.4558178
-1 -3.6287591
-1 -1.0895994
-1 -0.96277871
-1 -1.1667147
-1 -3.3420607
-1 -3.8087548
-1 -3.2119925
-1 -2.1572285
-1 -3.2614849
-1 -1.5413
-1 -0.24998973
-1 -2.2916573
-1 -2.8426907
-1 -6.4058993
-1 -7.7957571
-1 -4.143981
-1 -6.8037196
-1 -2.451606
-1 -5.3149796
-1 -5.6687293
-1 -2.5146345
-1 -2.6863035
-1 -0.83502386
-1 -3.8749984
-1 -3.5758946
-1 -3.4637318
-1 -0.82971816
-1 -2.616998
-1 -3.0309615
-1 -5.6051917
-1 -4.1095913
-1 -1.9661713
-1 -1.8412244
-1 -2.8727056
-1 -3.0442126
-1 -0.95471631
-1 -4.4127496
-1 -6.4951529
-1 -3.291549
-1 -1.1197383
-1 -3.6844993
-1 -1.5179578
-1 -1.3932412
-1 -2.552167
-1 -2.4343183
-1 -1.9862773
-1 -2.23199
-1 -3.3075658
-1 -1.8693333
-1 -4.4702333
-1 -1.2390313
-1 -2.6462219
-1 -2.8639989
-1 -3.4745971
-1 -3.4804045
-1 -3.7663442
-1 -0.46608639
-1 -5.0834461
-1 -4.0050336
-1 -0.5958125
-1 -1.829403
-1 -5.3671934
-1 -5.644911
-1 -2.7524328
-1 -1.2195128
-1 -0.25046204
-1 -2.8018029
-1 -2.5342151
-1 -0.87055396
-1 -3.0493737
-1 -3.0187439
-1 -1.6410938
-1 -0.48630044
-1 -2.4948264
-1 -3.3955526
-1 -3.6069662
-1 -4.429336
-1 -2.4437199
-1 -4.1148696
-1 -1.7886004
-1 -0.89642246
-1 -2.7311882
-1 -2.4997159
-1 -3.7220782
-1 -2.732169
-1 -7.1722223
-1 -1.7979564
-1 -1.6957042
-1 -3.1971352
-1 -4.7024376
-1 -1.5026986
-1 -3.2688258
-1 -0.086793053
-1 -1.7337054
-1 -0.9158856
-1 -2.6215434
-1 -2.4293683
-1 -0.25174688
-1 -4.6940362
-1 -1.8633173
-1 -1.9298849
-1 -2.6385651
-1 -2.3220503
-1 -0.89070604
-1 -2.9211212
-1 -1.5776534
-1 -2.9831926
-1 -4.6429601
-1 -0.90830066
-1 -3.0548887
-1 -1.4666004
-1 -2.0083742
-1 -3.0960522
-1 -2.7143141
-1 -2.3745694
-1 -1.3389028
-1 -4.0722811
-1 -1.1143735
-1 -3.36862
-1 -1.8730591
-1 -1.8015491
-1 -0.42224839
-1 -1.777849
-1 -3.0482843
-1 -5.94532
-1 -1.4315546
-1 -1.8973965
-1 -3.6394765
-1 -0.73954856
-1 -1.8682999
-1 -3.0571696
-1 -0.92441635
-1 -4.2237967
-1 -0.096533282
-1 -0.33155463
-1 -3.3861171
-1 -1.3149035
-1 -2.1321209
-1 -2.9465782
-1 -1.3340919
-1 -1.8717958
-1 -2.2650577
-1 -2.9015
-1 -1.3497055
-1 -2.9525154
-1 -1.8623832
-1 -0.68961989
-1 -3.2348909
-1 -3.4794986
-1 -5.1656514
-1 -4.2426303
-1 -2.7956449
-1 -2.8508838
-1 -2.2301662
-1 -5.1204622
-1 -0.76917382
-1 -1.4707513
-1 -2.1281911
-1 -2.5585098
-1 -4.128263
-1 -4.4841954
-1 -3.1591195
-1 -5.4483631
-1 -0.89151814
-1 -2.1232723
-1 -3.1292063
-1 -0.63601602
-1 -3.6573301
-1 -1.7596832
-1 -3.5632418
-1 -3.8936477
-1 -2.6326369
-1 -2.718469
-1 -3.0110405
-1 -4.2493165
-1 -0.51999665
-1 -2.3863866
-1 -0.43427504
-1 -3.4929845
-1 -2.0710192
-1 -5.5789945
-1 -3.3010114
-1 -1.263191
-1 -2.2474922
-1 -1.6597774
-1 -1.5072421
-1 -1.0006252
-1 -5.5706703
-1 -2.5740636
-1 -3.640056
-1 -3.3323246
-1 -1.5252057
-1 0.30587222
-1 -3.2200814
-1 -3.3358109
-1 -2.7163395
-1 -2.5905243
-1 -2.0693595
-1 -0.79244816
-1 -3.5404289
-1 -1.7203017
-1 -2.5625514
-1 -1.5026513
-1 -1.5448103
-1 -1.7881039
-1 -1.9862716
-1 -2.8592195
-1 -2.5922807
-1 -3.5769425
-1 -0.45762763
-1 -5.095444
-1 -2.7477983
-1 -4.7981106
-1 -1.8607015
-1 -2.0985783
-1 -3.2890298
-1 -3.594908
-1 -1.9621007
-1 -3.7077016
-1 -0.59498021
-1 -1.7870959
-1 -5.6164619
-1 -3.6114628
-1 -3.5102589
-1 -3.0685435
-1 -4.5957944
-1 -2.1659867
-1 -4.884742
-1 -1.880887
-1 -2.5464618
-1 -2.5872311
-1 -1.3827018
-1 -1.5045946
-1 -2.0841086
-1 -1.4760105
-1 -2.2645281
-1 -2.9470641
-1 -1.7003886
-1 -1.8929144
-1 -3.4378835
-1 -2.1226983
-1 -1.7597027
-1 -2.7498548
-1 -2.1678854
-1 -2.891771
-1 -1.6790999
-1 -3.0902593
-1 -2.2659335
-1 -1.0939331
-1 -3.3378726
-1 -2.1646017
-1 -6.6305866
-1 -1.1867147
-1 -3.7772781
-1 -7.1820893
-1 -1.5236064
-1 -3.8646766
-1 -3.8378505
-1 -2.5240228
-1 -5.2841309
-1 -2.3081346
-1 -2.460719
-1 -1.133654
-1 -3.609321
-1 -1.5865739
-1 -2.1051009
-1 -1.0588514
-1 -3.2414517
-1 -1.4826246
-1 -1.3954239
-1 -2.296965
-1 -3.6002075
-1 -1.8331028
-1 -2.7781004
-1 -1.1945003
-1 -2.1259425
-1 -1.3815803
-1 -0.88353304
-1 -4.3918167
-1 -3.1260501
-1 -1.0823819
-1 -2.4558551
-1 -3.8343823
-1 -0.8823756
-1 -2.3902122
-1 -1.0042731
-1 -2.696065
-1 -2.7187314
-1 -5.6593373
-1 -3.0864292
-1 -3.6946225
-1 -4.4022198
-1 -1.4937181
-1 -2.7954453
-1 -2.5570534
-1 -1.274922
-1 -2.6770083
-1 -4.0445888
-1 -3.4855169
-1 -1.8557841
-1 -4.0270335
-1 -0.59258406
-1 -1.1208323
-1 -3.1951488
-1 -1.4816188
-1 -2.4537637
-1 -0.87792017
-1 -2.2578514
-1 -1.2958022
-1 -3.1150076
-1 -5.881706
-1 -2.2244824
-1 -3.2122118
-1 -1.7871239
-1 -2.3512849
-1 -0.83913108
-1 -0.23246917
-1 -2.5423491
-1 -0.25631178
-1 -3.335376
-1 -1.9822151
-1 -3.3375484
-1 -0.91320306
-1 -3.1667224
-1 -1.4173657
-1 -1.9513933
-1 -1.9284985
-1 -1.9742448
-1 -5.1586454
-1 -2.0276748
-1 -3.9061084
-1 -2.9555698
-1 -2.0310994
-1 -2.2754855
-1 -2.4151718
-1 -3.9359678
-1 -1.1335417
-1 -2.2632308
-1 -2.5138742
-1 -2.8940838
-1 -1.298829
-1 -1.929301
-1 -3.279382
-1 -1.5939896
-1 -2.1593148
-1 -3.1610698
-1 -7.8488751
-1 -3.6885414
-1 -2.5514825
-1 -3.1561278
-1 -1.1983956
-1 -3.3976738
-1 -3.3776359
-1 -2.6846886
-1 -1.7479964
-1 -2.1099928
-1 -5.6358303
-1 -4.1699119
-1 -3.334191
-1 -2.3038051
-1 -4.2946641
-1 -4.1304429
-1 -4.653269
-1 -4.4913442
-1 -3.1015333
-1 -3.4581138
-1 -4.0968814
-1 -0.88081217
-1 -2.1550011
-1 -1.7827566
-1 -2.065271
-1 -2.277391
-1 -2.8580706
-1 -1.8138461
-1 -2.0373775
-1 -1.9505821
-1 -3.2974769
-1 -1.6043662
-1 -4.920705
-1 -1.5771742
-1 -3.2518524
-1 -2.7495692
-1 -1.8327826
-1 -3.5760411
-1 -3.0021101
-1 -1.7478956
-1 -2.5384847
-1 -1.7784266
-1 -0.00098290522
-1 -1.8205993
-1 -1.3833487
-1 -2.6806827
-1 -1.6804818
-1 -6.078345
-1 -1.2241999
-1 -5.3382745
-1 -2.5175813
-1 -4.328097
-1 -2.1107172
-1 -8.5844812
-1 -0.58008966
-1 -4.3407099
-1 -0.080947294
-1 -0.32894363
-1 -0.41805545
-1 -2.3269913
-1 -4.7153483
-1 -3.7418218
-1 -3.5842662
-1 -3.8394705
-1 -2.80168
-1 -2.2876534
-1 -2.6658439
-1 -1.8237217
-1 -1.0552005
-1 -3.017911
-1 -4.3786567
-1 -3.6484905
-1 -3.5761809
-1 -2.2242544
-1 -2.8995643
-1 -5.1718392
-1 -1.0996328
-1 -1.0884456
-1 -2.6647324
-1 -1.5465762
-1 -1.3234094
-1 -1.7297087
-1 -2.4303289
-1 -1.2372858
-1 -3.1004232
-1 -5.3253907
-1 -2.4363438
-1 -3.4877376
-1 -3.3653139
-1 -4.0025549
-1 -3.3986873
-1 -3.451806
-1 -2.8800425
-1 -0.091241331
-1 -2.8791495
-1 -1.0031657
-1 -2.7476329
-1 -2.8856033
-1 -3.2924701
-1 -3.500245
-1 -1.6838878
-1 -0.7576865
-1 -4.8333462
-1 -2.4550623
-1 -0.97132136
-1 -1.7233046
-1 -1.5959997
-1 -1.3369351
-1 -2.4518312
-1 -2.741026
-1 -3.376102
-1 -0.77895906
-1 -5.1749018
-1 -0.43451854
-1 -2.658008
-1 -4.2936381
-1 -2.3350785
-1 -2.3477792
-1 -1.8121153
-1 -2.1760905
-1 -2.107762
-1 -2.4707936
-1 -0.58698895
-1 -3.1261036
-1 -2.1966488
-1 -5.5568982
-1 -1.4036228
-1 -1.8209983
-1 -2.9439264
-1 -3.9515817
-1 -2.0684424
-1 -0.80585048
-1 -1.8976225
-1 -2.0091884
-1 1.2147064
-1 -4.8573877
-1 -6.7562952
-1 -2.2894673
-1 -3.874378
-1 -1.4973915
-1 -0.53873762
-1 -2.2036465
-1 -2.4633606
-1 -2.657426
-1 -1.4525208
-1 -1.9469003
-1 -2.4347319
-1 -3.3200119
-1 -3.0679806
-1 -0.7991904
-1 -3.159031
-1 -2.5721776
-1 -0.87093243
-1 -3.4451234
-1 -1.4703655
-1 -1.4600095
-1 -3.3775255
-1 -4.0894902
-1 -2.9463429
-1 -1.5692258
-1 -2.4882884
-1 -2.1868162
-1 -3.1193067
-1 -1.6178152
-1 -3.7084378
-1 -7.3959693
-1 -0.043270973
-1 -4.2611751
-1 -4.8922498
-1 -2.1270322
-1 -6.5501268
-1 -2.458392
-1 -4.0432944
-1 -3.3399692
-1 -3.8768096
-1 -1.5781938
-1 -4.7219086
-1 -4.6645392
-1 -1.421365
-1 -4.0842713
-1 -3.1488301
-1 -0.99990169
-1 -3.8967296
-1 -1.344638
-1 -1.8238551
-1 -1.794855
-1 -2.4476902
-1 -1.5437511
-1 -2.218596
-1 -0.38828264
-1 -2.2804077
-1 -3.4891858
-1 -1.3455344
-1 -1.0438703
-1 -1.3826286
-1 -2.7946225
-1 -1.6571009
-1 0.78060762
-1 -2.7505035
-1 -0.89309415
-1 -1.6643446
-1 -0.34429719
-1 -3.3455522
-1 -1.7103882
-1 -1.6812026
-1 -2.2880327
-1 -2.2976942
-1 -1.6958722
-1 -1.9592144
-1 -2.3125254
-1 -3.8469625
-1 -1.0085314
-1 -2.8728202
-1 -1.9467313
-1 -2.7510119
-1 -1.4734781
-1 -3.3575149
-1 -2.3966661
-1 -2.1917485
-1 -2.9775801
-1 -1.4075153
-1 -2.5847938
-1 -4.4081049
-1 -2.4414113
-1 -4.2052009
-1 -0.20997528
-1 -3.6998469
-1 -2.3961974
-1 -4.1389502
-1 -1.3553214
-1 -3.5807208
-1 -3.5837827
-1 -2.8226095
-1 -5.1284257
-1 -2.2488566
-1 -2.4647863
-1 -1.9145172
-1 -0.14048496
-1 -2.6861231
-1 -0.89003526
-1 -1.0643086
-1 -4.3130795
-1 -6.250094
-1 -1.1726924
-1 -3.8615648
-1 -3.2261403
-1 -1.3295158
-1 -2.0088623
-1 -0.655742
-1 -2.5405432
-1 -1.1691569
-1 -1.5786584
-1 -0.69983852
-1 -1.7495641
-1 -1.8140712
-1 -0.95291629
-1 -2.2865321
-1 -3.4391232
-1 -1.3079891
-1 -2.1640996
-1 -2.4289431
-1 -1.1978999
-1 -1.5849059
-1 -1.5034933
-1 -4.5330249
-1 -2.4326442
-1 -5.8049998
-1 -1.4382775
-1 -2.5043879
-1 -3.3837428
-1 -3.4337176
-1 -1.8310488
-1 -2.541529
-1 -2.4847208
-1 -2.7543055
-1 -2.6391532
-1 -2.9979
-1 -3.3950628
-1 -1.9690557
-1 -4.3132473
-1 -0.71772302
-1 -3.901163
-1 -3.6187016
-1 -4.1662145
-1 -0.89774824
-1 -2.3854634
-1 -2.2345474
-1 -0.76691246
-1 -1.3511436
-1 -0.69908501
-1 -2.3284631
-1 -4.535243
-1 -0.46569881
-1 -3.599973
-1 -2.946032
-1 -5.3517353
-1 -4.5328746
-1 -2.2172676
-1 -1.8948493
-1 -1.4899525
-1 -1.0842682
-1 -1.9770364
-1 -4.6426304
-1 -3.6515456
-1 -3.0875585
-1 -1.5352024
-1 -3.6112574
-1 -6.5478733
-1 -1.512323
-1 -2.5769839
-1 -2.1181321
-1 -1.4845948
-1 -2.1003902
-1 1.6690025
-1 -1.5519244
-1 -3.4497882
-1 -4.9663272
-1 -3.9628209
-1 -1.2153752
-1 -1.4359033
-1 -1.6159297
-1 -2.4745593
-1 -2.664149
-1 -4.4379208
-1 -3.8084696
-1 -2.4302157
-1 -2.1438357
-1 -3.0602539
-1 -3.9179423
-1 -3.785134
-1 -3.992785
-1 -3.9755707
-1 -1.8369045
-1 -2.7321183
-1 -1.9337939
-1 -0.8398369
-1 -3.9886198
-1 -4.4076831
-1 -2.1237668
-1 -1.803399
-1 -1.9306016
-1 -2.1275293
-1 -2.826687
-1 -4.6666392
-1 -0.71203392
-1 -3.5188915
-1 -2.2865945
-1 -2.8637018
-1 -1.9343322
-1 -6.7852131
-1 -2.2761128
-1 -3.0689144
-1 -1.7178973
-1 -0.50851875
-1 -2.7543946
-1 -3.4417883
-1 -2.8265221
-1 -1.5571602
-1 -4.1828412
-1 -0.34663775
-1 -0.73508471
-1 -4.2022482
-1 -1.2498487
-1 -2.0249453
-1 -2.6099412
-1 -1.940468
-1 -2.1120959
-1 -1.9519553
-1 -5.3651746
-1 -2.7875903
-1 -3.1435732
-1 -2.9882347
-1 -4.8052371
-1 -2.8217547
-1 -1.9347329
-1 -3.5717793
-1 -4.0562593
-1 -1.6813691
-1 -4.5664362
-1 -1.8994691
-1 -2.4212429
-1 -3.2545309
-1 -2.4950114
-1 -3.88824
-1 -3.4063268
-1 -2.8812839
-1 -2.8303862
-1 -2.3127524
-1 -2.1906594
-1 -4.3336596
-1 -6.8944831
-1 -3.269019
-1 -2.7805001
-1 -2.0925274
-1 -1.3248874
-1 -4.2655858
-1 -0.67866262
-1 -1.0158931
-1 -0.5319948
-1 -1.8101048
-1 -1.7405096
-1 -2.4459789
-1 -2.8812279
-1 -2.2373774
-1 -0.5599679
-1 -1.9592803
-1 -3.1727027
-1 -1.8992401
-1 -2.1066253
-1 -3.5333377
-1 -1.6484788
-1 -2.2980915
-1 -2.8890275
-1 -5.6687293
-1 -2.1157247
-1 -2.8558008
-1 -1.4842178
-1 -1.7186156
-1 -1.7560192
-1 -0.66351
-1 -0.76525557
-1 -2.9172029
-1 -1.5984235
-1 -1.4197241
-1 -1.4425243
-1 -1.5880906
-1 -2.2967435
-1 -2.6722513
-1 -5.600648
-1 -3.2757595
-1 -0.7999949
-1 -1.6211076
-1 -1.9264179
-1 -4.0501723
-1 -1.5572409
-1 -1.5589747
-1 -2.6034734
-1 -4.2255136
-1 -0.60764494
-1 -1.3588039
-1 -1.3995427
-1 -1.5636163
-1 -3.7496533
-1 -3.0429346
-1 -3.885565
-1 -4.2518503
-1 -1.6213214
-1 -3.0275819
-1 -3.6143045
-1 -2.6506332
-1 -1.9800479
-1 -3.8109025
-1 -4.1463691
-1 -2.9230214
-1 -5.1823114
-1 -5.7625094
-1 -2.7314585
-1 -0.1093486
-1 -3.54093
-1 -3.3902696
-1 -2.3174838
-1 -1.23995
-1 -2.4440602
-1 -2.9628153
-1 -3.9492464
-1 -2.0029367
-1 -2.4482594
-1 -3.2311735
-1 -5.0875875
-1 -1.0444628
-1 0.1745312
-1 -2.9269803
-1 -2.5589384
-1 -0.80610483
-1 -3.7827205
-1 -3.673251
-1 -2.2511234
-1 -1.362161
-1 -1.2041418
-1 -3.2976199
-1 -3.0418485
-1 -1.3564651
-1 -0.96936331
-1 -1.0428298
-1 -2.2524526
-1 -1.0521257
-1 -1.4958936
-1 -0.99660876
-1 -1.9234229
-1 -3.7515776
-1 -0.51495376
-1 -6.1693143
-1 -1.4594982
-1 -1.3797884
-1 -1.3580899
-1 -2.5301901
-1 -1.8532816
-1 -1.749461
-1 -1.3401261
-1 -2.8650996
-1 -1.7019852
-1 -1.3742851
-1 -3.5354558
-1 -2.3348335
-1 -1.6110731
-1 -2.0099655
-1 -3.1031077
-1 -2.2149239
-1 -3.669486
-1 -1.0357785
-1 -0.52436985
-1 -0.53907861
-1 -2.1622598
-1 -4.0086795
-1 -3.2156227
-1 -0.90797892
-1 -2.8486132
-1 -0.57963718
-1 -3.1271915
-1 -3.324973
-1 -4.5417383
-1 -2.1268492
-1 -3.6721149
-1 -1.7411636
-1 -1.9764141
-1 -1.9355876
-1 -2.1623556
-1 -0.74566796
-1 -2.919496
-1 -3.2289452
-1 -2.798547
-1 -0.80938307
-1 -1.2791514
-1 -2.7445862
-1 -2.1525016
-1 -5.5092925
-1 -1.6831468
-1 -1.7475582
-1 -3.9639752
-1 -3.0135685
-1 -2.7319096
-1 -4.3682199
-1 -2.1505179
-1 -1.3283876
-1 -2.0636482
-1 -2.3045409
-1 -3.728614
-1 -1.3660818
-1 -2.8098029
-1 -2.1116251
-1 -1.7564527
-1 -0.84562279
-1 -2.9862477
-1 -3.492719
-1 -6.0641024
-1 -3.6088925
-1 -3.3452371
-1 -0.28722537
-1 -1.2650967
-1 -3.1079127
-1 -5.219806
-1 -2.749764
-1 -2.0185633
-1 -3.0268454
-1 -1.6478349
-1 -3.6642681
-1 -1.6734071
-1 -2.9100719
-1 -2.3842986
-1 -3.0502725
-1 -4.0654256
-1 -1.0210824
-1 -3.3122009
-1 -1.195326
-1 -1.4572973
-1 -2.7899143
-1 -1.3672143
-1 -4.7314389
-1 -4.1662128
-1 -3.8653416
-1 -3.3472894
-1 -1.2093178
-1 -1.8783676
-1 -2.2550568
-1 -1.0614783
-1 -1.8342961
-1 -2.3178289
-1 -2.3447641
-1 -2.2172271
-1 -1.3184714
-1 -3.3503675
-1 -3.84407
-1 -7.3431908
-1 -4.0383836
-1 -2.8680274
-1 -1.2634307
-1 -0.1556852
-1 -4.0121125
-1 0.38674876
-1 -1.5692905
-1 -0.8498615
-1 -0.51896826
-1 -4.3821229
-1 -0.97752126
-1 -1.8712348
-1 -1.4618284
-1 -4.0298109
-1 -4.6127414
-1 -0.49305048
-1 -3.2424112
-1 -2.6629076
-1 -6.2468503
-1 -2.7094957
-1 -8.4217432
-1 -3.1242042
-1 -3.7385743
-1 -4.9554064
-1 -1.9700141
-1 -2.2801876
-1 -2.1148981
-1 -0.47780529
-1 -4.3608423
-1 -3.9265783
-1 -5.0469932
-1 -2.3959141
-1 -1.2873587
-1 -1.9979389
-1 -2.4692846
-1 -3.6242631
-1 -3.9026741
-1 -4.4626536
-1 -2.6891922
-1 -1.7971452
-1 -0.29589363
-1 -4.270861
-1 -2.8985939
-1 -3.0690932
-1 -1.1458686
-1 -2.5129367
-1 -4.2897883
-1 -2.8507336
-1 -3.4802724
-1 0.014485384
-1 -4.1755213
-1 -1.8867874
-1 -3.8611118
-1 -2.5903937
-1 -1.7388399
-1 -2.2517067
-1 -0.69908559
-1 -6.1908751
-1 -1.7764045
-1 -1.4144881
-1 -1.6539975
-1 -0.69394473
-1 -2.3794723
-1 -3.1474325
-1 -2.6228622
-1 -1.6639745
-1 -0.72936041
-1 -1.1569743
-1 -1.7347316
-1 -2.6879486
-1 -3.8470912
-1 -0.64789892
-1 -2.328212
-1 -4.0837243
-1 -0.82343727
-1 -2.1921854
-1 -1.9154063
-1 -2.6010991
-1 -2.2704564
-1 -0.50905277
-1 -1.7923486
-1 -2.7094769
-1 -3.1060835
-1 -4.8650151
-1 -0.96461192
-1 -1.8413855
-1 -2.4549767
-1 -2.2537689
-1 -1.226028
-1 -1.7079424
-1 -1.7085407
-1 -3.8955772
-1 -1.5619649
-1 -1.9335206
-1 -1.360476
-1 -2.1750092
-1 -1.8790964
-1 -3.311945
-1 -4.1096826
-1 -2.4719152
-1 -2.1951524
-1 -0.70278831
-1 -1.7793349
-1 -1.6274586
-1 -3.3571781
-1 -1.4464539
-1 -3.9161962
-1 -2.0233135
-1 -2.7906592
-1 -3.0958053
-1 -1.1179994
-1 -2.9344272
-1 -1.3926802
-1 -2.0409858
-1 -1.4159561
-1 -2.1393679
-1 -0.57506278
-1 -2.910666
-1 -2.7738461
-1 -2.0172066
-1 -3.3443825
-1 -4.1796513
-1 -2.8339483
-1 -1.1328294
-1 -0.56090637
-1 -2.0941151
-1 0.092233774
-1 -0.096512296
-1 -2.5551563
-1 -2.4567827
-1 -3.4214883
-1 -1.409931
-1 -4.1318983
-1 0.21934802
-1 -1.4960839
-1 -3.5232435
-1 -2.0714249
-1 -1.3643024
-1 -3.0741256
-1 -1.5629352
-1 -4.0485345
-1 -2.4985479
-1 -1.4552445
-1 -1.4922723
-1 -5.696352
-1 -3.1610486
-1 -1.5291315
-1 -1.8103175
-1 -4.7315545
-1 -1.3925483
-1 -4.4188204
-1 -0.80526984
-1 -0.87476845
-1 -3.3890456
-1 -1.9638906
-1 -2.6567661
-1 -0.89937955
-1 -1.4843476
-1 -2.5941172
-1 -2.298968
-1 -2.2156685
-1 -1.4176627
-1 -5.0059888
-1 -3.2187307
-1 -2.5046114
-1 -2.5536619
-1 -1.612205
-1 -1.6543727
-1 -4.8777079
-1 -3.9210138
-1 -2.7259767
-1 -3.4581262
-1 -3.2080403
-1 -2.0332885
-1 -1.2043092
-1 -0.7632009
-1 -3.150879
-1 -4.192386
-1 -2.0075289
-1 -0.37136272
-1 -6.8020837
-1 -2.7157979
-1 -1.3652002
-1 -3.7420543
-1 -4.5249414
-1 -3.3457663
-1 -2.1037867
-1 -4.5423396
-1 -1.5598226
-1 -3.5103544
-1 -4.3023793
-1 -3.9072879
-1 -2.1855197
-1 -1.6058873
-1 -4.2032079
-1 -2.4951464
-1 -2.0435914
-1 -1.1886162
-1 -1.428929
-1 -0.58643003
-1 -1.8624526
-1 -6.10365
-1 -0.79167078
-1 -0.23745563
-1 -2.6146679
-1 -3.6961106
-1 -2.1414448
-1 -1.3088125
-1 -1.7503586
-1 -2.4448085
-1 -2.2496094
-1 -4.3742299
-1 -2.6773507
-1 -2.7957574
-1 -0.63316854
-1 -1.2924634
-1 -1.659966
-1 -1.6366002
-1 -1.5577102
-1 -0.22033634
-1 -2.1372133
-1 -2.9776761
-1 -2.1178071
-1 -0.39716625
-1 -2.5781633
-1 -2.0915806
-1 -3.9679464
-1 -2.0111076
-1 -3.000367
-1 -2.2782873
-1 -1.8497617
-1 -1.5406119
-1 -1.815263
-1 -1.3925116
-1 -1.2624198
-1 -1.7186563
-1 -3.7802219
-1 -3.4154594
-1 -3.5437241
-1 -6.8522334
-1 -0.57805638
-1 -3.824402
-1 -1.590708
-1 -2.1699332
-1 -3.1809164
-1 -1.9235013
-1 -2.4495549
-1 0.13871704
-1 -2.2660533
-1 -2.9095562
-1 -1.3238555
-1 -3.3975804
-1 -1.6141093
-1 -3.7918463
-1 -0.70723065
-1 -2.7743167
-1 -3.1463942
-1 -3.7736987
-1 -2.3163508
-1 -2.8674769
-1 -2.2077317
-1 -4.4817036
-1 -2.0549784
-1 -2.269207
-1 -0.73144119
-1 -1.893028
-1 -4.2336563
-1 -3.9886955
-1 -2.4667979
-1 -3.8946395
-1 -5.1996934
-1 -3.5857271
-1 -2.3282214
-1 -3.4232814
-1 -0.081841492
