1 2.6787143
1 3.268548
1 1.7349837
1 1.6266987
1 -0.44264624
1 2.016619
1 3.9026055
1 1.551098
1 1.7929521
1 3.4063014
1 1.6290722
1 1.3874298
1 2.5591179
1 2.594745
1 0.79385173
1 2.0830874
1 2.5645755
1 -3.6941731
1 0.30632323
1 1.162174
1 0.44383052
1 2.1843446
1 2.5109379
1 2.4509306
1 2.7043353
1 0.33776028
1 -0.83028229
1 1.876342
1 0.59735209
1 0.65872984
1 0.25701089
1 2.1023478
1 -0.25788633
1 1.4243409
1 0.66878241
1 1.1851562
1 0.45931522
1 0.96887708
1 2.5006097
1 1.5752008
1 1.2363355
1 1.5157283
1 2.22075
1 2.4610372
1 0.14354042
1 1.2226781
1 1.3903856
1 -0.87410766
1 0.3293766
1 0.21306465
1 0.75574737
1 1.8094841
1 0.6601245
1 0.31388082
1 -0.63915494
1 1.5339013
1 0.052865171
1 1.5150602
1 2.3401024
1 0.063951054
1 1.2376117
1 -0.32022272
1 0.18173869
1 0.42656749
1 0.29177791
1 1.1746471
1 1.6673571
1 0.98766423
1 2.3653808
1 2.3322664
1 0.23067614
1 0.40768899
1 0.26881844
1 0.78113259
1 0.95933885
1 1.1967466
1 -0.53478756
1 -1.0248928
1 1.4890249
1 2.9780746
1 -0.34717477
1 2.5746041
1 1.4212408
1 1.2837588
1 0.10988618
1 -0.70809787
1 2.7917174
1 0.66835162
1 0.2676288
1 1.5685315
1 1.0222215
1 1.2423069
1 -1.3073301
1 0.74151196
1 -0.93386051
1 1.1785007
1 2.5300076
1 -0.19205561
1 2.0420308
1 0.41011522
1 -0.74271721
1 1.7085817
1 1.5847188
1 0.55518168
1 1.8859886
1 2.4711548
1 2.0045101
1 0.37332087
1 1.6232215
1 2.8415049
1 -0.23282328
1 -0.71599676
1 -0.55012125
1 2.0747468
1 1.0352437
1 1.1143256
1 0.052391659
1 0.90929729
1 1.3181298
1 2.658708
1 2.5128218
1 0.37039894
1 1.7187703
1 2.401777
1 1.5608499
1 0.87931439
1 0.26197768
1 2.3076182
1 1.6073466
1 -0.85727207
1 1.1444652
1 0.70824529
1 2.4317944
1 1.8224713
1 -1.959472
1 0.30607813
1 -1.0052288
1 0.3872548
1 1.1864806
1 1.529653
1 0.1749914
1 1.0439077
1 0.82759341
1 2.3715328
1 0.64412501
1 0.64605312
1 1.0295392
1 0.67615895
1 0.51440331
1 1.1569209
1 2.3897928
1 3.2594056
1 1.6029589
1 -1.5678969
1 1.0482174
1 -1.0170482
1 0.77491047
1 0.32108782
1 -1.5044078
1 0.22291691
1 2.6923998
1 -1.6352525
1 1.5694466
1 0.7480401
1 1.5408666
1 1.7348103
1 -0.12202588
1 1.4586726
1 2.7136854
1 3.349235
1 2.3429982
1 0.60840168
1 2.3968775
1 1.3384615
1 1.7655686
1 1.589986
1 1.9430146
1 -0.57708402
1 -0.40077535
1 1.0057524
1 1.1329588
1 0.25708969
1 2.8847269
1 2.2533031
1 2.7755201
1 1.136557
1 2.0136256
1 1.8934822
1 3.1273354
1 2.8546457
1 0.4450197
1 0.27781478
1 2.4654425
1 1.5271715
1 1.6137949
1 1.7240038
1 -0.46146432
1 2.1202025
1 1.4003669
1 1.8656489
1 1.7230446
1 1.0664782
1 2.6691952
1 2.231687
1 1.9219958
1 1.6078629
1 2.6099013
1 -0.71648057
1 3.3091796
1 1.8318134
1 0.4873971
1 0.96603207
1 0.48132212
1 1.1139624
1 -1.0948869
1 0.94988857
1 1.8229714
1 1.6455987
1 3.8333989
1 2.9741136
1 1.6372453
1 -0.61097681
1 3.0767068
1 2.1315316
1 1.7377783
1 3.033035
1 2.4534706
1 -3.5677467
1 0.55223777
1 0.83697146
1 3.6219066
1 2.8665039
1 -1.5581106
1 3.122411
1 4.6444554
1 0.75022644
1 2.2350911
1 0.51295404
1 0.72921283
1 2.4316597
1 1.2302544
1 1.8677236
1 3.679072
1 1.5863253
1 1.6989774
1 2.0228041
1 1.7524247
1 2.1725436
1 1.2629572
1 0.5225522
1 2.5795961
1 1.0478378
1 1.8834505
1 1.2036682
1 2.4270997
1 2.8871493
1 2.6362151
1 3.1505226
1 1.5716291
1 3.1239505
1 1.9332829
1 2.0602843
1 -0.19275112
1 0.46446847
1 2.2296165
1 -2.0574022
1 3.0186135
1 2.967186
1 3.0597754
1 -0.31388874
1 2.0516424
1 2.5793761
1 2.2376831
1 4.4233626
1 -0.48373051
1 0.81500629
1 0.77299218
1 1.8638322
1 -0.1066509
1 1.4122451
1 2.4067487
1 0.73974145
1 1.1852444
1 2.1254972
1 1.8486108
1 3.0763121
1 3.1794703
1 3.5466011
1 1.5759538
1 0.16990419
1 -0.22108982
1 1.1576771
1 3.1675968
1 2.3770861
1 3.4307799
1 3.5047203
1 3.7933315
1 3.3729831
1 1.3489063
1 2.7139115
1 1.3888763
1 -0.20397907
1 -0.49194501
1 0.68699235
1 0.5619679
1 2.7610671
1 2.8518296
1 1.1032589
1 0.86513626
1 1.2260195
1 3.0611277
1 0.80306151
1 0.34574213
1 -0.63364375
1 1.862494
1 2.1009005
1 1.3212105
1 3.0577888
1 0.8309664
1 0.48704216
1 -0.76983359
1 0.10424387
1 1.4675179
1 4.0307302
1 2.7574237
1 -0.0077707545
1 1.695647
1 -1.1771258
1 -0.044003337
1 2.0449428
1 1.582664
1 1.4519022
1 1.659151
1 0.33360167
1 0.23907603
1 -0.10751654
1 1.5778628
1 1.230054
1 3.1067917
1 2.1107246
1 0.20297744
1 2.6190549
1 1.5655666
1 1.070476
1 1.2608157
1 1.2553634
1 0.0078849377
1 1.8019737
1 3.857334
1 2.0503267
1 2.2389926
1 1.0568442
1 0.54183087
1 1.0146419
1 1.5671489
1 1.9334369
1 1.9898078
1 1.8814282
1 0.83399688
1 2.6237661
1 0.95360093
1 -0.31951754
1 3.8921109
1 0.67558075
1 3.3884763
1 1.1007969
1 1.4585833
1 0.17615146
1 3.7900286
1 2.1422071
1 3.5644923
1 -0.7012999
1 1.2696457
1 -0.56453676
1 3.1326148
1 3.4820185
1 2.0458841
1 2.4827467
1 1.8634249
1 1.3730771
1 1.5667096
1 0.67727376
1 3.1014968
1 1.2257851
1 2.3640328
1 3.1598187
1 1.2939995
1 1.3690373
1 0.97604905
1 1.2481796
1 1.6757208
1 1.5535583
1 1.7906183
1 1.6800069
1 1.8763471
1 0.29189719
1 1.6198843
1 3.3546733
1 -0.47385786
1 3.0730637
1 0.58065373
1 3.7878903
1 3.7417339
1 1.0152481
1 1.4564072
1 1.9859148
1 2.4776286
1 2.4086047
1 0.63912806
1 3.9412045
1 4.0240538
1 2.6556523
1 2.4875804
1 1.9121844
1 -0.85604411
1 3.476669
1 2.1963592
1 3.4091068
1 0.37242208
1 1.412294
1 0.59625113
1 1.2895339
1 1.4393519
1 -1.1941293
1 0.86934833
1 2.0738569
1 0.97011639
1 -1.368424
1 -0.47846865
1 -0.14354679
1 2.2463431
1 0.88450762
1 1.282245
1 0.41317233
1 -0.37131983
1 -1.44136
1 0.8271275
1 -0.37896012
1 -1.5095536
1 -0.12894651
1 1.0652308
1 -0.98529759
1 -0.42900687
1 1.1747564
1 0.0059625184
1 1.0479677
1 -0.0040626325
1 -0.14170823
1 -0.62412638
1 -0.086628267
1 -0.13922363
1 3.415773
1 0.003800438
1 1.7201789
1 0.056358597
1 1.3791015
1 -0.23629726
1 -0.19864159
1 -0.14627976
1 -0.22600942
1 0.016084963
1 -0.62430464
1 0.24244569
1 2.8104284
1 -0.36436742
1 -0.13637922
1 3.8320265
1 0.14519516
1 -1.2058796
1 2.4999016
1 0.70882878
1 0.9072301
1 0.91311564
1 0.35932396
1 -0.24237745
1 1.4620369
1 0.20095276
1 -0.25818092
1 1.6155705
1 0.45113105
1 0.44132946
1 0.27442343
1 -0.010930318
1 2.4395114
1 0.22190584
1 -0.70651839
1 0.4939076
1 1.0903935
1 -0.049817321
1 1.0932786
1 -0.60943737
1 1.0770754
1 -0.57708504
1 0.11363427
1 -0.31704838
1 -1.2865391
1 1.6028028
1 -0.13369942
1 -0.18551398
1 1.3653774
1 -1.4920469
1 -0.039105756
1 0.27370855
1 1.2503619
1 1.0894561
1 0.41721342
1 2.7250318
1 0.036887296
1 0.14362519
1 0.16968671
1 -0.53049742
1 1.5376272
1 1.8022574
1 -0.38639601
1 0.27816485
1 1.4122611
1 0.034760306
1 1.1609903
1 1.3071974
1 1.5402753
1 0.97887849
1 0.61996675
1 -0.027382016
1 -0.48934888
1 3.2807622
1 0.9564944
1 2.839446
1 -0.013666517
1 1.3344756
1 2.0030006
1 2.6150608
1 2.6263283
1 1.3292722
1 1.9749802
1 4.9527275
1 -2.1671582
1 1.0325655
1 3.2498746
1 4.0301013
1 3.2876496
1 1.3994124
1 3.0730247
1 2.4909386
1 1.1741271
1 0.061098388
1 -0.33877269
1 1.4162617
1 2.633974
1 1.5356578
1 0.94685369
1 1.5011859
1 0.49272761
1 1.5034501
1 0.70203401
1 2.217932
1 2.5809699
1 1.3012016
1 0.94403138
1 3.1835363
1 3.7247467
1 0.25648801
1 1.2893659
1 1.0065776
1 -0.030651671
1 1.403758
1 0.81501093
1 1.4886238
1 0.65968457
1 1.0412159
1 2.3082529
1 0.58254341
1 2.6817628
1 0.90694023
1 1.1928
1 0.21494228
1 2.5933434
1 -0.032950732
1 0.85394415
1 0.92847745
1 1.2433607
1 0.80782238
1 1.5079948
1 -0.59586818
1 0.046598164
1 1.2979703
1 0.14404265
1 1.9406982
1 -1.5193785
1 2.0856702
1 0.13594303
1 0.53829276
1 -0.18166892
1 1.3786352
1 -0.061616188
1 0.7580305
1 3.5484989
1 -0.29612213
1 0.4247349
1 2.9687004
1 -1.4353914
1 0.57051118
1 0.0080440402
1 0.033887787
1 1.1404352
1 -0.16172036
1 1.9504282
1 -0.023233005
1 1.3527442
1 1.7656919
1 1.4927535
1 0.74098814
1 1.6500287
1 -1.144461
1 0.67622601
1 -0.16385041
1 -0.33105979
1 -2.069902
1 4.4330134
1 1.0178272
1 2.2414506
1 2.477246
1 0.37254442
1 -1.0451771
1 0.77618947
1 -0.76198838
1 -0.54795598
1 1.7062241
1 2.3019979
1 1.2807037
1 -0.94937244
1 1.1491164
1 0.45449304
1 0.51800621
1 0.66517744
1 0.56058074
1 4.0285537
1 2.7152346
1 2.1414812
1 2.593943
1 1.4658763
1 0.020796776
1 0.98503518
1 1.3099936
1 1.8974845
1 0.89613735
1 -0.050207048
1 1.02089
1 0.83266968
1 1.8962099
1 1.2953677
1 3.6273351
1 1.4676214
1 2.0744869
1 1.0692803
1 -0.4251552
1 1.4920833
1 1.7983278
1 0.99693669
1 2.5653124
1 0.74998399
1 0.37632126
1 1.4118043
1 1.4520846
1 -1.3288621
1 2.3768272
1 1.7485173
1 0.84033451
1 1.2907735
1 0.91665365
1 1.3017098
1 0.79074268
1 1.6453601
1 0.80872792
1 -0.79336615
1 0.30328432
1 0.84723984
1 0.79994802
1 -0.47051181
1 2.8609705
1 0.89531127
1 -0.46090641
1 1.4263103
1 1.2164154
1 1.1607789
1 -0.00075168194
1 2.0875888
1 -0.94195299
1 1.4864992
1 1.8501853
1 -0.19924283
1 -0.4295955
1 2.3293928
1 1.3638691
1 2.0801021
1 1.7846652
1 1.9365832
1 0.061596101
1 1.5725079
1 0.81060638
1 2.123594
1 2.0002013
1 1.5725951
1 -0.19572496
1 1.6727864
1 0.61599222
1 0.29654124
1 1.1182983
1 -0.32653095
1 0.75672495
1 0.99726226
1 2.4687996
1 0.21583501
1 -0.1190063
1 2.0788689
1 2.1360445
1 1.9389418
1 0.34283571
1 -1.4969128
1 1.1289661
1 1.263888
1 -0.028398019
1 1.2020819
1 1.732143
1 -1.6219694
1 -0.059993667
1 -0.15670941
1 3.0337997
1 2.1911788
1 0.72186543
1 0.39893591
1 0.96184121
1 1.2369467
1 2.5879368
1 -1.1846694
1 1.2991385
1 -0.083226643
1 -0.17401518
1 1.1737788
1 -0.1861546
1 1.6706489
1 0.53406088
1 -0.67723052
1 0.32249071
1 -1.0737302
1 -0.86054702
1 -0.9340135
1 -0.56567555
1 -0.51839626
1 0.6969544
1 -1.3034351
1 -0.23847699
1 -1.4544135
1 0.8766161
1 0.27628234
1 0.24634326
1 1.6743004
1 0.58864466
1 2.336098
1 0.52275668
1 1.7328997
1 1.1182583
1 2.6466961
1 1.9857425
1 2.4721926
1 1.3377193
1 0.89238846
1 1.5197095
1 1.6942894
1 -0.28648793
1 -0.17727827
1 2.1158565
1 1.0826898
1 -0.80076807
1 0.63102783
1 0.35724662
1 1.0522388
1 1.3179877
1 0.76595331
1 0.686776
1 -0.68232749
1 -1.2303709
1 0.22942237
1 0.91099042
1 1.6675458
1 1.2906918
1 -0.58439765
1 1.3700063
1 1.3611702
1 2.0095122
1 0.87600431
1 -0.58395615
1 2.9605427
1 3.2984805
1 0.097236418
1 -0.7266373
1 -0.90469882
1 0.73803775
1 2.978065
1 2.2671299
1 1.8139285
1 2.3672968
1 1.1802719
1 1.347957
1 0.38086912
1 1.1327406
1 0.81449897
1 3.5704123
1 2.3247498
1 0.92781513
1 2.2834021
1 0.055788683
1 0.7192503
1 1.3660445
1 0.42943772
1 -0.48327435
1 0.47077199
1 1.1201977
1 0.97293709
1 1.3509226
1 -0.48254029
1 0.75936697
1 2.3219022
1 2.5552236
1 -0.43492349
1 1.2910319
1 -0.46759287
1 2.0694166
1 3.0067904
1 -0.81580318
1 2.3283696
1 1.6693348
1 1.0498127
1 -0.39688732
1 0.0034656536
1 2.7703882
1 0.14259752
1 1.2920501
1 -0.54834156
1 1.8231946
1 0.92814118
1 4.1940043
1 2.2281089
1 0.14620143
1 2.2048089
1 0.27042123
1 2.2273284
1 3.0408024
1 0.41528795
1 1.8714347
1 -0.6154875
1 0.32343471
1 2.6017278
1 -0.019382558
1 3.1194562
1 3.4854685
1 2.5817485
1 2.1262339
1 2.7975313
1 1.5789805
1 -0.51935404
1 -0.2332937
1 1.092036
1 2.9994408
1 0.72981478
1 1.92817
1 0.15953201
1 2.3761434
1 3.4731776
1 2.5470827
1 2.5611829
1 1.3540382
1 2.1642213
1 0.47061161
1 1.4741488
1 0.81329282
1 3.8591952
1 1.4239171
1 1.7708444
1 1.4607564
1 1.6983352
1 3.6791621
1 0.40245939
1 3.0875453
1 1.8169671
1 3.729636
1 2.7125824
1 1.1211743
1 2.3423872
1 0.51151085
1 1.7499714
1 2.5686471
1 0.12930297
1 0.19150448
1 0.28338028
1 3.5632461
1 1.9556934
1 0.32845204
1 1.9967467
1 3.0610881
1 0.83935383
1 -0.71545407
1 0.81909508
1 -0.14482849
1 0.27669353
1 1.9232409
1 -1.2555408
1 -0.65410071
1 1.6140803
1 2.8377164
1 1.9193485
1 2.0448441
1 1.808402
1 0.18315281
1 0.39496374
1 -0.61807399
1 0.56880944
1 -1.0322786
1 2.1220211
1 -1.1230825
1 2.2195587
1 2.35147
1 2.3111344
1 2.483311
1 2.7932974
1 0.43631254
1 0.39539676
1 0.28185568
1 4.1252636
1 3.9016796
1 0.71308579
1 1.2199325
1 3.3864512
1 1.1472893
1 4.1995047
1 2.5936109
1 -0.18718755
1 0.87132063
1 2.0646631
1 -0.067717695
1 0.82320937
1 1.1082362
1 1.9629685
1 -0.68514646
1 1.9177064
1 3.8041294
1 -0.48973401
1 1.1766941
1 2.5643509
1 0.56721637
1 0.63499478
1 2.7663646
1 -0.36421278
1 0.98391899
1 -0.56872153
1 2.4927562
1 1.361483
1 2.6860103
1 2.1127285
1 0.38348577
1 1.5210905
1 1.2422556
1 -0.96978218
1 1.3018977
1 -2.1232925
1 0.29911727
1 3.1172528
1 1.5542446
1 2.5033175
1 1.2872363
1 2.2081252
1 1.8905816
1 1.2368921
1 1.282829
1 0.77199072
1 0.30512669
1 2.0225635
1 2.7090089
1 1.0326233
1 2.5924621
1 1.8267322
1 3.0781447
1 2.221851
1 0.76955463
1 2.3850169
1 0.67770627
1 2.3041752
1 1.255365
1 2.0202433
1 2.9529538
1 2.2635651
1 2.0568511
1 2.1233218
1 0.3613708
1 1.0953375
1 5.1237367
1 3.6481208
1 0.66700022
1 0.84353939
1 0.17777262
1 1.5048747
1 2.2969292
1 2.1918813
1 1.0420131
1 2.7789221
1 2.8218016
1 3.3842729
1 2.2779315
1 2.2361236
1 0.7549965
1 0.28757294
1 0.47936085
1 2.0900054
1 1.4841559
1 2.3783826
1 0.40651444
1 2.7431801
1 1.2657867
1 2.4901337
1 1.1814841
1 0.51073379
1 1.5015314
1 1.3421912
1 -1.7241733
1 2.3658356
1 0.24711451
1 1.4991744
1 2.4748589
1 2.8796589
1 1.7878181
1 3.2700885
1 1.7351778
1 2.6697734
1 1.9543952
1 1.3216618
1 2.8544406
1 3.2271222
1 1.221659
1 1.2511562
1 2.6233276
1 2.9797228
1 4.0406966
1 0.6413696
1 1.5523897
1 1.874646
1 -1.1950597
1 1.9363001
1 2.2721419
1 2.796525
1 3.4741826
1 1.1193677
1 -0.052104174
1 -0.076808348
1 0.30786728
1 0.99487266
1 0.98226766
1 -0.46307744
1 1.7223211
1 -0.45271089
1 -0.74846661
1 0.007267996
1 1.5712637
1 1.6482033
1 1.9066716
1 1.6130638
1 0.34100785
1 0.43794161
1 2.8197937
1 -0.55415408
1 1.661441
1 0.81352116
1 1.7292668
1 1.331273
1 1.7690162
1 1.2604402
1 1.8913807
1 1.5690067
1 -1.4929187
1 1.9892245
1 0.79430427
1 1.3233455
1 1.2681533
1 1.2216976
1 2.189412
1 0.13902465
1 1.0312181
1 2.0920511
1 1.1242388
1 0.21858879
1 0.31464096
1 2.0502958
1 0.56976432
1 1.5694164
1 0.13300696
1 2.7159676
1 0.24284259
1 -0.11600755
1 0.098494447
1 1.4772909
1 1.0220444
1 0.41754317
1 -0.2157876
1 1.9914995
1 1.6612873
1 1.8833766
1 -0.57046301
1 1.8467962
1 0.71570508
1 0.44549139
1 1.2248267
1 2.2651616
1 3.463062
1 0.76991778
1 -1.2930634
1 1.8689681
1 1.0850748
1 1.6511154
1 1.3087487
1 2.1559574
1 2.1921397
1 1.5772592
1 1.5958037
1 2.2185843
1 1.4520046
1 2.0404417
1 2.1331346
1 0.23783996
1 1.7888963
1 0.540708
1 2.2096209
1 0.086093802
1 2.4478475
1 1.677161
1 3.5353022
1 1.1770935
1 -0.66491817
1 1.3420768
1 -1.6460881
1 2.1020135
1 3.2841998
1 1.2784936
1 -0.25940299
1 1.468366
1 0.070724806
1 0.31233976
1 0.21901364
1 1.6888946
1 0.36574205
1 1.4489182
1 -0.31113328
1 2.0481974
1 2.0146654
1 0.84124474
1 1.3150644
1 1.2044035
1 -0.57716437
1 -1.3952585
1 0.54377315
1 1.1589376
1 0.7329025
1 0.95241366
1 2.4192445
1 1.502898
1 0.79613988
1 1.8021937
1 0.10022584
1 -0.43198206
1 0.73967385
1 1.155469
1 1.898385
1 1.9089306
1 0.78201902
1 4.0979531
1 3.1477855
1 -0.31563982
1 2.0971218
1 1.7583544
1 3.2634485
1 4.6266503
1 3.3782689
1 -0.88378621
1 1.1561271
1 0.15142211
1 0.96113748
1 3.0259671
1 4.3683323
1 3.34249
1 0.40719899
1 0.056094501
1 2.6910081
1 2.817465
1 2.9184258
1 0.56771733
1 1.2952992
1 -1.6891829
1 2.0473643
1 2.0254193
1 1.4798246
1 2.0520443
1 -0.51988256
1 -0.076373489
1 4.0898849
1 0.49724194
1 0.0050258995
1 -1.293187
1 1.2004399
1 1.552446
1 -0.16253543
1 0.67808722
1 1.8785685
1 1.8687325
1 2.2769293
1 1.2319078
1 -0.42451313
1 2.0885254
1 2.6263924
1 1.1065088
1 1.4586069
1 1.2900301
1 -0.16601387
1 1.9782706
1 -0.15559774
1 -0.19419078
1 1.0720433
1 -0.50666446
1 -1.1534848
1 -1.7342338
1 0.26053598
1 1.5339746
1 1.9970104
1 -0.33541476
1 -1.098559
1 1.8800589
1 1.0005501
1 2.8122
1 0.99889919
1 2.0551075
1 -0.33235829
1 0.40237026
1 -0.7758975
1 1.9363191
1 3.0873998
1 0.082976009
1 1.3784363
1 -1.0156651
1 0.32394137
1 -0.32519367
1 0.7359761
1 0.52705358
1 -0.37822618
1 0.68547331
1 1.2964827
1 3.1707112
1 0.2593334
1 1.8678572
1 2.6011842
1 1.3623938
1 1.1082661
1 1.5034346
1 0.55672446
1 0.47697154
1 -0.64948363
1 2.833688
1 0.98294114
1 0.62111745
1 1.4676493
1 0.1463012
1 1.3027788
1 1.3704306
1 -0.43192297
1 1.2893148
1 -0.68908586
1 0.84462803
1 0.48501879
1 1.5067186
1 1.2803354
1 1.9755734
1 1.7072781
1 0.46588609
1 0.23421188
1 1.1072197
1 -1.3720678
1 0.94942438
1 2.4477091
1 -0.2212309
1 1.2569175
1 -1.0000198
1 1.6156391
1 1.0081358
1 0.69082551
-1 -1.3763173
-1 -1.2813724
-1 -3.3634096
-1 -2.3306666
-1 -2.7366691
-1 -1.2285613
-1 -1.8674837
-1 -3.3014028
-1 -4.9299494
-1 -3.5334002
-1 -2.3152691
-1 -2.6921829
-1 -1.799614
-1 -2.5738677
-1 -2.7365207
-1 -1.0195839
-1 -3.0049993
-1 -2.1392872
-1 -1.9196705
-1 -2.4113926
-1 -1.6036832
-1 -1.7688139
-1 -3.616287
-1 -3.4724063
-1 -1.5326312
-1 -2.0937724
-1 -2.1171199
-1 -1.9962969
-1 -2.2039135
-1 -2.876361
-1 -4.1994684
-1 -1.9954309
-1 -3.5499262
-1 -2.2869385
-1 -2.7401764
-1 -1.5062523
-1 -2.2499075
-1 -1.9841826
-1 -2.4947788
-1 -3.7256457
-1 -4.3483285
-1 -2.5304241
-1 -2.9421062
-1 -3.4813923
-1 -2.3983192
-1 -3.3852084
-1 -0.042274317
-1 -1.8418622
-1 -3.7055578
-1 -2.7624548
-1 -2.4350734
-1 -2.858269
-1 -2.9279649
-1 -3.4402228
-1 -2.1995237
-1 -4.2344117
-1 -1.8137072
-1 -4.0304498
-1 -3.3446301
-1 -3.9633508
-1 -1.8097975
-1 -3.0869415
-1 -1.5683495
-1 -1.5105661
-1 -2.1046134
-1 -0.96808175
-1 -4.3048602
-1 -0.77427039
-1 -1.809705
-1 -1.5898776
-1 -4.5434202
-1 -1.4111935
-1 -3.8256749
-1 -1.9666506
-1 -5.3475198
-1 -2.9806212
-1 -2.8217051
-1 -2.5378815
-1 -1.2608903
-1 -4.8002577
-1 -1.2310594
-1 -0.50542841
-1 -3.2678346
-1 -0.93621215
-1 -1.7122407
-1 -2.8313688
-1 -2.9001407
-1 -2.9226299
-1 -1.5015537
-1 -4.1909889
-1 -3.1289801
-1 -3.3733509
-1 -3.0163159
-1 -1.1413484
-1 -1.1650953
-1 -2.0829027
-1 -2.0020979
-1 -2.3302642
-1 -1.6625429
-1 -2.7004292
-1 -1.4170746
-1 -2.213004
-1 -1.5258671
-1 -2.9402723
-1 -2.019696
-1 -1.6519691
-1 -0.93556068
-1 -2.3417721
-1 -1.927041
-1 -3.867958
-1 -2.1185758
-1 -3.073393
-1 -2.5530481
-1 -1.6800254
-1 -2.7862188
-1 -1.3590648
-1 -3.4889908
-1 -2.0514382
-1 -4.4424966
-1 -1.9133995
-1 -3.9076843
-1 -2.8194014
-1 -1.040193
-1 -3.790027
-1 0.14168232
-1 -1.1562187
-1 -4.1318898
-1 -2.8661505
-1 -2.8417578
-1 -1.2972967
-1 -3.3143123
-1 -2.4120381
-1 -2.4765981
-1 -1.6289512
-1 -3.3237126
-1 -0.91195664
-1 -2.3758857
-1 -3.201793
-1 -6.7528037
-1 -2.795204
-1 -2.446998
-1 -1.941129
-1 -6.0307387
-1 -3.091495
-1 -1.2925467
-1 -2.7392872
-1 -1.3800573
-1 -1.5957405
-1 -6.2729129
-1 -1.5051128
-1 -1.5471462
-1 -1.9931663
-1 -2.1184644
-1 -0.97012653
-1 -3.7625728
-1 -1.0844681
-1 -2.0748882
-1 -3.5388408
-1 -1.3165413
-1 -2.0374994
-1 -2.6213865
-1 -5.1069184
-1 -2.9257476
-1 -2.8688226
-1 -2.3019183
-1 -2.3704867
-1 -2.1261805
-1 -1.3719712
-1 -2.714547
-1 -3.6717773
-1 -4.1190518
-1 -4.6585562
-1 -2.3807991
-1 -3.3175452
-1 -3.4320541
-1 -1.0554869
-1 -2.5243605
-1 -3.4819286
-1 -2.0040607
-1 -4.7969595
-1 -1.0017371
-1 -2.5843229
-1 -3.1221526
-1 -3.6625063
-1 -3.0234438
-1 -2.1087022
-1 -1.2461417
-1 -4.4963854
-1 -1.4715276
-1 -1.4465839
-1 -2.3592338
-1 -2.7220803
-1 -3.1397621
-1 -1.7677118
-1 -1.7126981
-1 -4.1775218
-1 -1.2447118
-1 -2.8627655
-1 -2.9460427
-1 -1.989789
-1 -0.94522117
-1 -1.3965608
-1 -4.2683473
-1 -2.4574697
-1 -2.3522934
-1 -3.0510387
-1 -2.1980504
-1 -1.9129168
-1 -3.5142789
-1 -3.1162052
-1 -2.8370332
-1 -3.233472
-1 -1.527351
-1 -1.7031837
-1 -3.0172373
-1 -1.8738518
-1 -2.0215306
-1 -2.5804294
-1 -1.9024295
-1 -0.50317384
-1 -2.3616522
-1 -1.1375871
-1 -3.196707
-1 -1.2954781
-1 -2.5912325
-1 -1.2193671
-1 -4.6370501
-1 -6.5707812
-1 -2.8682071
-1 -2.5066083
-1 -2.3244368
-1 -2.7117746
-1 -3.0365454
-1 -1.9123825
-1 -1.458854
-1 -3.3206173
-1 -1.8882995
-1 -2.2993434
-1 -2.0461802
-1 -2.9878896
-1 -2.8206967
-1 -1.9873824
-1 -2.5174178
-1 -1.8357572
-1 -1.2303809
-1 -4.1880981
-1 -2.3075447
-1 -2.0326055
-1 -0.93266031
-1 -2.257191
-1 -1.2580568
-1 -2.1651459
-1 -2.8436852
-1 -2.8008424
-1 -3.2815328
-1 -3.213085
-1 -2.6167003
-1 -1.2708649
-1 -2.2043515
-1 -1.1282122
-1 -4.0080104
-1 -2.9139717
-1 -4.2822203
-1 -3.3399417
-1 -3.3648555
-1 -1.852315
-1 -2.2032142
-1 -1.8059892
-1 -1.6085208
-1 -1.8678734
-1 0.86658039
-1 -1.7978554
-1 -2.3195873
-1 -1.8387287
-1 -1.8326014
-1 -2.3627245
-1 -0.70668915
-1 -3.6512272
-1 -1.0499754
-1 -1.7639017
-1 -3.3299169
-1 -3.9505938
-1 -1.4697812
-1 -3.6863363
-1 -3.7464477
-1 -0.89874507
-1 -4.2514101
-1 -3.6327807
-1 -2.4731286
-1 -2.0945779
-1 -1.3636039
-1 -2.559442
-1 -0.93356085
-1 -2.277736
-1 -3.3567199
-1 -2.5345601
-1 -1.6533726
-1 -2.4523553
-1 -1.8956427
-1 -2.5029688
-1 -3.7585425
-1 -4.6684189
-1 -4.0594066
-1 -0.44903864
-1 -5.7040675
-1 -1.848634
-1 -4.8008766
-1 -6.8581879
-1 -4.0157035
-1 -2.0477291
-1 -0.66292428
-1 -2.2918446
-1 -2.1094727
-1 -2.6878553
-1 -2.4622075
-1 -3.2643931
-1 -3.165796
-1 -0.87657624
-1 -1.3602092
-1 -2.4658042
-1 -2.9172183
-1 -2.4586012
-1 -3.2046598
-1 -1.3254866
-1 -1.8261072
-1 -2.7127042
-1 -1.9827968
-1 -4.3844802
-1 -4.1081793
-1 -1.3447454
-1 -2.0874176
-1 -1.8525896
-1 -4.3496937
-1 -2.4604195
-1 -0.78487456
-1 -3.0417259
-1 -2.3153702
-1 -1.5107952
-1 -2.8711721
-1 -3.4586898
-1 -1.562496
-1 -2.9209624
-1 -0.70566766
-1 -3.0007575
-1 -2.0628658
-1 -1.8629846
-1 -4.8068098
-1 -2.5125975
-1 -2.9323727
-1 -2.2367599
-1 -2.339076
-1 -1.9064297
-1 -1.458474
-1 -1.0394745
-1 -3.2192135
-1 -2.6838717
-1 -2.7731643
-1 -2.2388067
-1 -3.5619408
-1 -2.1746871
-1 -3.4319997
-1 -1.9144708
-1 -3.7944034
-1 -2.5826399
-1 -3.2407359
-1 -1.4426353
-1 -2.0010496
-1 -3.0313947
-1 -2.2910924
-1 -3.0340559
-1 -1.3547957
-1 -1.0618912
-1 -1.4426575
-1 -1.655086
-1 -3.0561636
-1 -2.8032602
-1 -3.4358124
-1 -4.5463443
-1 -2.0315413
-1 -3.5716445
-1 -1.8034762
-1 -2.9731394
-1 -3.5275165
-1 -3.789864
-1 -2.2168835
-1 -1.5301496
-1 -2.7761575
-1 -0.47644513
-1 -1.5123566
-1 -2.4137518
-1 -3.7517745
-1 -1.4060507
-1 -3.4120181
-1 -1.9299989
-1 -0.28787093
-1 -2.4254466
-1 -2.9659226
-1 -2.0064412
-1 -3.1088863
-1 1.0514245
-1 -2.9260532
-1 -1.660704
-1 -0.86118953
-1 -3.0134743
-1 -2.841079
-1 -2.6478612
-1 -3.253852
-1 -1.6499412
-1 -1.9182975
-1 -3.8097284
-1 -1.4621938
-1 -3.3123696
-1 -3.9983509
-1 -2.5574417
-1 -2.261194
-1 -3.066509
-1 0.12932251
-1 -3.9982663
-1 -2.4051859
-1 -2.9349818
-1 -1.157293
-1 -1.8312319
-1 -2.139838
-1 -2.151939
-1 -1.3188861
-1 -2.5467455
-1 -2.2028056
-1 -2.4321575
-1 -1.8462595
-1 -3.4247658
-1 -2.2567549
-1 -2.0918339
-1 -0.85866655
-1 -1.0004872
-1 -1.7481592
-1 -1.1792148
-1 -1.811625
-1 -2.2826685
-1 0.2553142
-1 -1.5912915
-1 -4.5028159
-1 -1.2602449
-1 -3.2736352
-1 -3.4076494
-1 -2.6739871
-1 -1.9956403
-1 -0.39714653
-1 -2.0661609
-1 -3.9068686
-1 -0.93691666
-1 -3.0025568
-1 -3.4874077
-1 -2.7572337
-1 -0.31573518
-1 -2.0318456
-1 -1.8284865
-1 -2.4460714
-1 -2.0262319
-1 -1.7058149
-1 -3.2548511
-1 -2.866652
-1 -2.4991779
-1 -2.1551548
-1 -2.095597
-1 -0.6761235
-1 -1.4217038
-1 -3.1134609
-1 -1.0183679
-1 -4.4622086
-1 -0.90210024
-1 -1.679264
-1 -2.9775349
-1 -0.99872223
-1 -1.688298
-1 -2.3510352
-1 -1.7120975
-1 -1.2708582
-1 -3.7505025
-1 -3.5043477
-1 -4.6725877
-1 -4.7921435
-1 -2.3224597
-1 -2.3357772
-1 -1.4192757
-1 -2.2817653
-1 -1.7262266
-1 -2.9337544
-1 -2.3581355
-1 -2.7644119
-1 -3.4077017
-1 -1.7080775
-1 -1.4567934
-1 -3.5602862
-1 -1.5904676
-1 -3.4869569
-1 -3.1624773
-1 -3.2611802
-1 -2.9984814
-1 -3.6654796
-1 -3.0783951
-1 -2.0769182
-1 -2.5794188
-1 -2.9365354
-1 -3.592397
-1 -2.2362859
-1 -3.2346938
-1 -3.9170387
-1 -3.161064
-1 -4.097138
-1 -4.0126423
-1 -1.5393038
-1 -2.471587
-1 -1.9490184
-1 -3.3584934
-1 -2.4435941
-1 -0.80721692
-1 -4.7788814
-1 -1.5397793
-1 -1.8863241
-1 -2.9971805
-1 -2.2613592
-1 -1.2834317
-1 -3.0779187
-1 -1.4285748
-1 -0.96029934
-1 -1.9717334
-1 -1.7071857
-1 -2.6515386
-1 -4.3554409
-1 -1.7095569
-1 -1.1008122
-1 -1.3802401
-1 -1.8731089
-1 -2.6348976
-1 -1.8902012
-1 -1.8471966
-1 -2.2324009
-1 -3.2930019
-1 -3.1837927
-1 -0.72016774
-1 -3.3628591
-1 -2.2936956
-1 -1.5518401
-1 0.95217731
-1 -1.5657044
-1 -4.3551298
-1 -2.8726912
-1 -2.5407061
-1 -2.0436601
-1 -5.8127385
-1 -1.5170636
-1 -3.7853746
-1 -1.7637234
-1 -2.3515867
-1 -1.6466314
-1 -0.06695748
-1 -2.2374686
-1 -2.7381317
-1 -2.4601029
-1 -3.1372803
-1 -2.2615081
-1 -2.2709809
-1 -1.9466887
-1 -4.6651563
-1 -1.9194727
-1 -2.4801647
-1 -3.1388397
-1 -3.460521
-1 -4.3326811
-1 -1.6397316
-1 -2.7504463
-1 -2.4458733
-1 -2.593585
-1 -3.2933113
-1 -3.0870955
-1 -4.3212447
-1 -0.057660499
-1 -2.4454894
-1 -2.1246563
-1 -1.5777338
-1 -2.2849378
-1 -1.721567
-1 -1.8766593
-1 -2.4254846
-1 -2.0503502
-1 -2.2734152
-1 -2.0681974
-1 -1.2539016
-1 -4.3146892
-1 -1.4612253
-1 -0.74621762
-1 -2.6792762
-1 -1.7400052
-1 -2.6934779
-1 -2.4802924
-1 -2.5463673
-1 -2.2644435
-1 -2.8765873
-1 -1.705547
-1 -1.5544797
-1 -2.8252723
-1 -2.2497189
-1 -1.9430288
-1 -3.8897516
-1 -2.7594786
-1 -3.4749936
-1 -6.3478973
-1 -1.3330344
-1 -2.9741229
-1 -1.8261634
-1 -2.8435271
-1 -2.9448194
-1 -3.1884141
-1 -3.2669137
-1 -2.0583732
-1 -1.6602767
-1 -1.9928166
-1 -2.800504
-1 -1.9094532
-1 -0.87222183
-1 -2.8175868
-1 -1.0465841
-1 -1.7586639
-1 -2.7990766
-1 -2.8598638
-1 -1.5847848
-1 -2.1188895
-1 -0.531082
-1 -1.6141929
-1 -2.6430659
-1 -1.6854921
-1 -1.8220792
-1 -1.8793109
-1 -2.0668886
-1 -1.8566046
-1 -0.50038961
-1 -0.90430307
-1 -1.0865424
-1 -1.6666176
-1 -1.294463
-1 -1.1633489
-1 -2.4054303
-1 -2.8095782
-1 -3.7996677
-1 -2.6183745
-1 -0.97855104
-1 -1.2102913
-1 -5.5454542
-1 -2.1000929
-1 -1.9316902
-1 -2.5941588
-1 -2.3355693
-1 -3.2520286
-1 -2.0850486
-1 -2.616463
-1 -0.57683668
-1 -2.648343
-1 -2.7002533
-1 -3.3134835
-1 -1.5874577
-1 -4.1407576
-1 -3.0903876
-1 -6.4125634
-1 -1.8155831
-1 -2.6725946
-1 -3.7816289
-1 -2.9187952
-1 -1.1101265
-1 -1.8907877
-1 -3.2625965
-1 -4.3509411
-1 -2.1584752
-1 -3.9148634
-1 -2.3335688
-1 -1.8374659
-1 -2.447035
-1 -2.2049425
-1 -1.1312292
-1 -1.2210525
-1 -1.5357667
-1 -2.2510438
-1 -3.0343575
-1 -2.2864452
-1 -3.7121891
-1 -1.9309427
-1 -2.3156167
-1 -1.0379724
-1 -2.7673888
-1 -1.7897141
-1 -1.6482071
-1 -1.0831062
-1 -2.9607957
-1 -0.98670547
-1 -4.2007047
-1 -2.8344022
-1 -1.3632996
-1 -3.7195049
-1 -4.3549464
-1 -2.9807435
-1 -1.1125465
-1 -0.66567464
-1 -2.6103136
-1 -2.6657329
-1 -2.4024021
-1 -3.4841439
-1 -2.3309646
-1 -2.1417606
-1 -0.36632542
-1 -2.5357741
-1 -0.93660951
-1 -3.8697485
-1 -1.3007465
-1 -1.4695771
-1 -2.1067175
-1 -2.9153096
-1 -3.3070065
-1 -2.5577656
-1 -3.4065046
-1 -1.2791836
-1 -3.2880296
-1 -3.9500822
-1 -2.2811506
-1 -2.3443371
-1 -2.88148
-1 -3.0868978
-1 -1.4402242
-1 -2.5824469
-1 -1.5378364
-1 -3.4928612
-1 -0.59062638
-1 -1.7216153
-1 -1.3987959
-1 -1.6417455
-1 -2.131971
-1 -3.1171154
-1 -3.6634464
-1 -2.1164529
-1 -3.043031
-1 -2.092954
-1 -2.0384611
-1 -1.8701864
-1 -2.8691267
-1 -0.6633843
-1 -0.77516547
-1 -2.833571
-1 -1.3894429
-1 -3.4145801
-1 -2.4766369
-1 -2.2868558
-1 -3.0138587
-1 -1.9622142
-1 -2.5289918
-1 -2.2605
-1 -2.3113221
-1 -1.6776691
-1 -2.247737
-1 -0.53954297
-1 -2.7654096
-1 -3.2075386
-1 -4.5826074
-1 -0.31154687
-1 -2.1024826
-1 -0.57557068
-1 -2.0789634
-1 -1.479563
-1 -4.0849878
-1 -0.50084565
-1 -3.3762717
-1 -2.9619767
-1 -2.6105281
-1 -2.6669308
-1 -4.1680368
-1 -3.3954044
-1 -2.3972034
-1 -4.2491342
-1 -1.5834995
-1 -0.79410182
-1 -1.1848247
-1 -3.6868441
-1 -3.4207046
-1 -2.2879652
-1 -3.7283435
-1 -4.6149321
-1 -3.0613072
-1 -0.96475222
-1 -1.3865696
-1 -3.1522584
-1 -3.5930444
-1 -1.7277633
-1 -6.1335995
-1 -3.2032246
-1 -1.1630478
-1 -4.2949832
-1 -0.46402468
-1 -3.031017
-1 -2.2419784
-1 -1.044486
-1 -3.7028202
-1 -0.84156491
-1 -1.9782811
-1 -2.7350724
-1 -3.7792283
-1 -2.5553389
-1 -1.3083057
-1 -2.5687992
-1 -3.6983782
-1 -2.4294002
-1 -2.3432675
-1 -1.6409102
-1 -3.325619
-1 -1.5551544
-1 -3.4484427
-1 -1.7002951
-1 -2.1185396
-1 -2.3610535
-1 -3.0075767
-1 -2.8901173
-1 -1.0548185
-1 -1.1440226
-1 -3.8556921
-1 -2.6842357
-1 -1.6513268
-1 -3.4385515
-1 -3.6589719
-1 -3.9399167
-1 -3.219137
-1 -2.9017879
-1 -4.1622443
-1 -2.3672353
-1 -1.8188162
-1 -3.176613
-1 -1.994893
-1 -2.9997902
-1 -0.95646169
-1 -3.3521861
-1 -0.2712835
-1 -2.8495587
-1 -3.7521185
-1 -4.9176464
-1 -2.9475073
-1 -5.0932852
-1 -1.6004699
-1 -3.6574491
-1 -4.0189102
-1 -3.0652228
-1 -2.9532331
-1 -0.9977165
-1 -1.1865894
-1 -2.3044775
-1 -1.8431031
-1 -5.4287166
-1 -2.4204257
-1 -2.3365763
-1 -4.0132807
-1 -2.8009811
-1 -4.9795528
-1 -1.8369496
-1 -1.6536338
-1 -2.1468635
-1 -4.7192177
-1 -3.9268656
-1 -0.86859167
-1 -2.9279539
-1 -4.1680792
-1 -5.3071566
-1 -4.148498
-1 -5.6928373
-1 -2.7470795
-1 -3.5694232
-1 -2.4881002
-1 -2.4190868
-1 0.51031707
-1 -1.2076932
-1 -5.7040675
-1 -4.3827497
-1 -3.1393777
-1 -5.7040675
-1 -0.72727524
-1 -4.0229326
-1 -1.9624507
-1 -4.5595736
-1 -3.2686545
-1 -4.0798861
-1 -3.0949129
-1 -3.9056404
-1 -3.9909646
-1 -1.890326
-1 -1.1382858
-1 -2.287357
-1 -2.3084302
-1 -6.0445507
-1 -1.4269889
-1 -3.070818
-1 -3.9652751
-1 -3.2428105
-1 -2.5514229
-1 -3.7841302
-1 -4.7472495
-1 -2.7818796
-1 -2.0893907
-1 -4.2606336
-1 -1.8063126
-1 -1.6115369
-1 -1.8819583
-1 -1.506239
-1 -2.1444501
-1 -1.2413871
-1 -0.54624134
-1 -2.6569838
-1 -3.9468091
-1 -1.4959756
-1 -3.1721665
-1 -4.237888
-1 -5.3758655
-1 -1.6502136
-1 -1.7233629
-1 -0.46342581
-1 -2.138137
-1 -1.7504355
-1 -2.0503737
-1 -2.6297547
-1 -1.0996895
-1 -2.6612271
-1 -2.621402
-1 -3.2254011
-1 -2.6434055
-1 -0.87344472
-1 -2.6355045
-1 -2.3480847
-1 -2.0689125
-1 -2.4464077
-1 -2.155148
-1 -1.7516281
-1 -3.1679699
-1 -4.4473276
-1 -6.3533445
-1 -2.5132357
-1 -2.0519408
-1 -2.2211056
-1 -3.4609454
-1 -2.2758111
-1 -1.5453434
-1 -3.2695319
-1 -1.5017626
-1 -2.0853027
-1 -4.5679979
-1 -1.8354585
-1 -3.1034687
-1 -3.0739443
-1 -1.4871968
-1 -1.2324126
-1 -5.6813265
-1 -3.4816877
-1 -5.2909446
-1 -2.0714754
-1 -4.0519209
-1 -1.9736538
-1 -2.6268326
-1 -2.6084561
-1 -1.5376513
-1 -3.6943558
-1 -7.2064561
-1 -3.2115167
-1 -1.9149829
-1 -2.7241857
-1 -4.580451
-1 -3.6757499
-1 -1.7357025
-1 -2.622515
-1 -3.7444732
-1 -1.2381932
-1 -2.9864837
-1 -1.8126865
-1 -1.547871
-1 -3.7046711
-1 -3.0919007
-1 -3.7620249
-1 -3.2703675
-1 -3.7410345
-1 -2.7570391
-1 -0.82899284
-1 -1.754337
-1 -3.1811977
-1 -3.5689963
-1 -1.4262616
-1 -3.7511575
-1 -2.120987
-1 -2.2258562
-1 -3.5023026
-1 -3.2794763
-1 -3.0511542
-1 -3.4004879
-1 -2.6838136
-1 -3.3922346
-1 -1.7716869
-1 -4.032099
-1 -2.0803483
-1 -4.020948
-1 -2.13771
-1 -6.3418834
-1 -1.782549
-1 -2.0373753
-1 -2.899523
-1 -1.3097006
-1 -2.6103873
-1 -2.0145816
-1 -6.0547255
-1 -5.0196131
-1 -3.5523702
-1 -2.068551
-1 -3.0584043
-1 -2.4903364
-1 -3.5447993
-1 -2.507358
-1 -1.3420168
-1 -0.70367952
-1 -3.2630199
-1 -5.2036259
-1 -6.6830724
-1 -2.3002763
-1 -3.4735736
-1 -1.7162266
-1 -2.1100399
-1 -4.29279
-1 -1.3063748
-1 -1.0973916
-1 -5.7040675
-1 -2.7979791
-1 -2.8237657
-1 -2.9737719
-1 -0.35601977
-1 -3.5416182
-1 -2.6923733
-1 -5.4334818
-1 -3.4423177
-1 -2.0254267
-1 -3.2583875
-1 -2.6562588
-1 -1.402761
-1 -1.2815589
-1 -1.1309435
-1 -3.4721086
-1 -4.1172917
-1 -1.881651
-1 -3.6838112
-1 -3.160856
-1 -2.6231773
-1 -3.2278621
-1 -1.9710444
-1 -5.3022998
-1 -2.0584797
-1 -3.3381145
-1 -2.6898907
-1 -2.3640469
-1 -3.3876159
-1 -2.9098818
-1 -2.8572486
-1 -2.1846788
-1 -1.8628157
-1 -2.865623
-1 -2.625371
-1 -1.7505749
-1 -2.5339124
-1 -2.5342518
-1 -3.5999996
-1 -3.1386994
-1 -1.4002787
-1 -2.2115357
-1 -1.8320138
-1 -2.2910328
-1 -1.8540469
-1 -1.4407582
-1 -4.8897855
-1 -3.0651201
-1 -2.1580144
-1 -1.2090962
-1 -2.8039691
-1 -5.865577
-1 -3.0395831
-1 -5.990295
-1 -3.6150354
-1 -3.9931303
-1 -3.6665262
-1 -3.3242311
-1 -5.7040675
-1 -2.0683314
-1 -1.7590603
-1 -2.8893201
-1 -1.9618061
-1 -1.72428
-1 -2.4265145
-1 -4.0265678
-1 -0.99900081
-1 -2.1564402
-1 -0.94043194
-1 -1.6943071
-1 -2.7923421
-1 -3.3232449
-1 -1.2335559
-1 -2.1387003
-1 -2.0684949
-1 -1.7783118
-1 -1.6144879
-1 -4.0228724
-1 -4.4280993
-1 -2.0126072
-1 -3.0152945
-1 -2.1781124
-1 -1.7784933
-1 -2.4934708
-1 -1.2806292
-1 -2.6857565
-1 -1.9975177
-1 -3.1018554
-1 -2.5719001
-1 -2.7016634
-1 -5.0846816
-1 -2.3436322
-1 -1.7009792
-1 -3.5691835
-1 -1.1064398
-1 -3.4055456
-1 -2.3887256
-1 -2.1121571
-1 -3.2395617
-1 -1.0109881
-1 -1.2988526
-1 -2.6299408
-1 -5.0117121
-1 -1.5976178
-1 -2.8630739
-1 -2.3592075
-1 -2.4616524
-1 -3.0440803
-1 -1.9243201
-1 -2.2126943
-1 -4.052652
-1 -3.4229789
-1 -2.9554657
-1 -4.4754299
-1 -1.730926
-1 -3.7927876
-1 -1.5347431
-1 -3.8682247
-1 -4.3875627
-1 -2.4528882
-1 -6.1605802
-1 -3.3229685
-1 -2.5396938
-1 -1.2954269
-1 -4.1253718
-1 -2.5193028
-1 -1.299104
-1 -2.1230363
-1 -1.1085706
-1 -2.9080234
-1 -2.5294306
-1 -3.8062152
-1 -2.6690746
-1 -1.2904477
-1 -1.7140245
-1 -2.7528893
-1 -1.7863517
-1 -2.3528577
-1 -3.8674901
-1 -1.694885
-1 -2.0368055
-1 -2.3094137
-1 -1.3989491
-1 -0.61681682
-1 -0.017037096
-1 -1.4507607
-1 -1.9986875
-1 -2.6399648
-1 -3.7040804
-1 -2.0566698
-1 -1.4226037
-1 -2.6506611
-1 -3.7734287
-1 -2.2037844
-1 -1.971132
-1 -2.9214125
-1 -2.8769831
-1 -2.5845518
-1 -1.2795836
-1 -1.7013682
-1 -2.059352
-1 -2.4004477
-1 -1.0807798
-1 -0.62647881
-1 -2.8278555
-1 -2.2745256
-1 -1.4916305
-1 -3.9045656
-1 -1.8393191
-1 -2.590518
-1 -2.9784852
-1 -2.082685
-1 -2.0472488
-1 -3.1480499
-1 -1.2969529
-1 -0.66052332
-1 -1.5227226
-1 -3.9138742
-1 -6.4350931
-1 -4.9773091
-1 -0.30691515
-1 -2.4493937
-1 -3.6675673
-1 -2.1358065
-1 -3.6261845
-1 -1.1133972
-1 -1.4729789
-1 -0.85939485
-1 -1.6936444
-1 -3.5710454
-1 -3.734458
-1 -2.8189178
-1 -4.2419683
-1 -2.3605048
-1 -2.0532304
-1 -3.5518228
-1 -3.5206125
-1 -2.7217932
-1 -2.613179
-1 -0.37668676
-1 -2.3049508
-1 -2.4964231
-1 -4.5459589
-1 -2.038973
-1 -4.4143525
-1 -2.1461302
-1 -3.2094809
-1 -2.0342224
-1 -2.6255938
-1 -2.045718
-1 -4.0582134
-1 -1.4885141
-1 -3.3552026
-1 -0.79897739
-1 -3.1434266
-1 -3.1200413
-1 -5.1137509
-1 -2.7338846
-1 -1.0373778
-1 -1.9163446
-1 -2.7285831
-1 -1.5502533
-1 -2.3248566
-1 -2.4232989
-1 -2.5544407
-1 -5.4750209
-1 -1.2817935
-1 -1.6411365
-1 -1.9904169
-1 -1.8079464
-1 -2.5275021
-1 -2.1101586
-1 -2.7419078
-1 -4.6776667
-1 -2.3049184
-1 -3.0089768
-1 -3.5812821
-1 -6.3062258
-1 -1.5361707
-1 -3.5844294
-1 -2.9273951
-1 -3.0601386
-1 -1.9751289
-1 -2.2255405
-1 -1.2850858
-1 -3.5290299
-1 -2.436226
-1 -2.3094981
-1 -3.845916
-1 -2.764619
-1 -1.8868636
-1 -0.65270642
-1 -2.1912437
-1 -2.485832
-1 -1.4840836
-1 -2.4978066
-1 -3.419177
-1 -2.0834684
-1 -3.2807083
-1 -2.8138164
-1 -3.7181785
-1 -5.9649233
-1 -4.3900889
-1 -2.2460192
-1 -4.9385281
-1 -2.4301735
-1 -3.5929798
-1 -2.2644219
-1 -1.0897036
-1 -1.400197
-1 -2.901377
-1 -1.8786391
-1 -3.6727123
-1 -2.1698689
-1 -1.3841609
-1 -3.4804241
-1 -2.1845311
-1 -2.5685128
-1 -3.2047568
-1 -1.8230836
-1 -3.2664603
-1 -1.4943508
-1 -2.499606
-1 -1.8771369
-1 -1.0688667
-1 -2.1349122
-1 -1.9669155
-1 -1.6721375
-1 -2.4706819
-1 -2.7225056
-1 -2.5133802
-1 -2.3445448
-1 -2.4993321
-1 -2.821353
-1 -4.7662652
-1 -3.5490319
-1 -2.383139
-1 -1.7868012
-1 -1.9135416
-1 -2.1031989
-1 -2.8995907
-1 -1.8692319
-1 -3.0743957
-1 -1.6602208
-1 -2.4415317
-1 -1.5879788
-1 -2.6730222
-1 -2.1259685
-1 -2.7375572
-1 -3.1961773
-1 -2.4341107
-1 -2.8226212
-1 -2.0364833
-1 -1.4137734
-1 -5.0070629
-1 -3.6828139
-1 -2.7309038
-1 -0.56839257
-1 -1.2783613
-1 -2.7496619
-1 -1.9148171
-1 -0.97196025
-1 -3.0941142
-1 -4.4483181
-1 0.25717224
-1 -1.8893862
-1 -4.3476257
-1 -1.5772635
-1 -3.7972368
-1 -1.542551
-1 -1.5249576
-1 -2.2030648
-1 -2.9477314
-1 -0.95993537
-1 -5.1144891
-1 -3.2486736
-1 -3.6691846
-1 -3.5787685
-1 -2.2244655
-1 -5.8633464
-1 -4.0895862
-1 -1.4461081
-1 -2.3179669
-1 -0.81678333
-1 -1.4994164
-1 -2.2792383
-1 -2.0810854
-1 -2.7455176
-1 -1.095844
-1 -2.7672579
-1 -4.7219657
-1 -1.6630522
-1 -1.3326469
-1 -3.8592746
-1 -1.5863748
-1 -4.2611707
-1 -3.980509
-1 -4.4365423
-1 -0.73401208
-1 -2.4178452
-1 -2.6222461
-1 -5.7361533
-1 -3.4125362
-1 -0.71209317
-1 -3.1954909
-1 -2.8573253
-1 -2.3064367
-1 -2.5595717
-1 -1.4587274
-1 -2.1075886
-1 -2.6133993
-1 -2.1762413
-1 -1.6911081
-1 -0.81862741
-1 -2.0523921
-1 -2.2573291
-1 -1.6366906
-1 -2.2686991
-1 -2.3307306
-1 -1.528013
-1 -2.6494107
-1 -2.1183637
-1 -1.5963154
-1 -4.1993781
-1 -4.1235261
-1 -2.7148172
-1 -1.8906159
-1 -3.120403
-1 -3.8479963
-1 -3.0418628
-1 -4.9118359
-1 -2.5003937
-1 -2.8028321
-1 -5.8318517
-1 -2.0012806
-1 -1.5683548
-1 -1.6604637
-1 -1.2351934
-1 -3.6404818
-1 -2.1413978
-1 -1.1689311
-1 -1.7070737
-1 -2.1776985
-1 -1.6077873
-1 -1.3921822
-1 -2.6901992
-1 -0.85920097
-1 -2.8010918
-1 -1.4359174
-1 -4.7669971
-1 -1.3319783
-1 -2.307611
-1 -2.0483553
-1 -0.050950836
-1 -0.66750907
-1 -3.0915736
-1 -1.7259448
-1 -1.3760169
-1 -2.15221
-1 -2.6242496
-1 -2.7799069
-1 -2.1119541
-1 -2.7397204
-1 -3.4172482
-1 -2.702603
-1 -2.8801058
-1 -3.5211899
-1 -7.0739123
-1 -3.9653889
-1 -3.6586621
-1 -2.5656423
-1 -1.2424946
-1 -1.6755687
-1 -4.0139167
-1 -2.9628811
-1 -2.2267015
-1 -5.7040675
-1 -3.8083435
-1 -1.1216511
-1 -3.8160164
-1 -3.8907745
-1 -3.2774026
-1 -3.9100988
-1 -2.0776851
-1 -3.1915334
-1 -1.9708986
-1 -3.7711503
-1 -1.8225771
-1 -2.0229991
-1 -2.4591705
-1 -1.8764007
-1 -2.3811111
-1 -3.829808
-1 -1.9695432
-1 -2.7035591
-1 -3.1059262
-1 -3.9089499
-1 -3.3200038
-1 -1.6263366
-1 -2.4369953
-1 -2.7036055
-1 -3.8510991
-1 -1.9913717
-1 -1.7117826
-1 -3.3565574
-1 -3.1666022
-1 -2.7475421
-1 -5.4063328
-1 -2.634293
-1 -3.0183205
-1 -2.4545306
-1 -2.4536588
-1 -2.5049405
-1 -2.9794215
-1 -0.89145371
-1 -3.8169542
-1 -2.6220403
-1 -3.1950678
-1 -3.8341729
-1 -3.0388873
-1 -2.8143728
-1 -2.3791648
-1 -0.90042724
-1 -1.7089154
-1 -3.7514701
-1 -1.4418343
-1 -0.23714918
-1 -2.048695
-1 -1.881344
-1 -2.0112487
-1 -1.4072162
-1 -1.708625
-1 -3.9426464
-1 -3.2394912
-1 -2.5861416
-1 -1.813719
-1 -3.2589259
-1 -1.0167812
-1 -2.5775499
-1 -1.8089232
-1 -2.2203171
-1 -0.78590042
-1 -3.0003739
-1 -1.9822982
-1 -1.9193806
-1 -2.9361915
-1 -1.9664109
-1 -2.6234215
-1 -2.4505167
-1 -1.3735588
-1 -3.2291695
-1 -2.9833821
-1 -2.8047961
-1 -2.8930601
-1 -3.4646113
-1 -1.8877852
-1 -2.6863961
-1 -2.7303907
-1 -2.315365
-1 -3.026989
-1 -1.8398856
-1 -1.6229493
-1 -1.9388476
-1 -1.5921447
-1 -2.7550876
-1 -4.4915847
-1 -4.1667609
-1 -1.1524793
-1 -2.7754427
-1 -2.0006509
-1 -1.4925096
-1 -1.5450601
-1 -2.6859484
-1 -0.79402761
-1 -2.7850493
-1 -5.8303157
-1 -2.8887292
-1 -2.7454663
-1 -2.6458057
-1 -1.180753
-1 -0.9264997
-1 -3.1198377
-1 -2.9400469
-1 -1.7535577
-1 -3.4790549
-1 -1.2280135
-1 -1.3031537
-1 -1.7840563
-1 -0.94898073
-1 -2.7942801
-1 -2.0246086
-1 -2.1257184
-1 -2.8092407
-1 -3.6531075
-1 -3.2254186
-1 -5.0454776
-1 -2.4494514
-1 -2.8963847
-1 -1.4481078
-1 -2.3811386
-1 -2.3816982
-1 -2.4567129
-1 -2.6288125
-1 -2.9924439
-1 -4.5240971
-1 -2.6908527
-1 -3.1191087
-1 -2.9949074
-1 -1.0573564
-1 -2.1003979
-1 -2.8188513
-1 -2.4753095
-1 -1.6965251
-1 -2.1475467
-1 -1.5500317
-1 -4.0504846
-1 -1.8624902
-1 -1.3310411
-1 -1.6309002
-1 -2.5375512
-1 -1.2776481
-1 -3.006195
-1 -0.6576935
-1 -1.633739
-1 -2.3911948
-1 -0.76492407
-1 -1.4587076
-1 -2.2107483
-1 -3.0623582
-1 -3.0809937
-1 -2.8473495
-1 -2.8020295
-1 -3.2876245
-1 -2.710364
-1 -1.5229395
-1 -1.433633
-1 -2.8494396
-1 -4.1717038
-1 -0.52998715
-1 -1.9371147
-1 -0.95598109
-1 -3.0498642
-1 -3.417528
-1 -1.6941629
-1 -4.4583879
-1 -2.4342627
-1 -3.4521174
-1 -2.8481398
-1 -1.9694075
-1 -1.9045632
-1 -1.8706709
-1 -2.0840528
-1 -1.4006257
-1 -5.22868
-1 -3.3042505
-1 -5.2029838
-1 -2.4437644
-1 -2.2058101
-1 -6.0478912
-1 -3.3399046
-1 0.25363576
-1 -3.0309795
-1 -2.0352433
-1 -1.5262839
-1 -3.0794522
-1 -1.7019845
-1 -3.0945124
-1 -5.1902943
-1 -3.3830989
-1 -3.8747237
-1 -1.9410575
-1 -2.5016773
-1 -2.0177202
-1 -2.0994516
-1 -5.0033795
-1 -1.2580796
-1 -3.0171968
-1 -2.6451826
-1 -2.0439406
-1 -1.4719209
-1 -2.278441
-1 -3.309601
-1 -3.6474099
-1 -2.8350868
-1 -3.6430038
-1 -2.9536775
-1 -3.4098669
-1 -4.7391309
-1 -2.9397074
-1 -1.7138842
-1 -1.6412892
-1 -2.7086681
-1 -2.9159998
-1 -4.1093259
-1 -1.6296333
-1 -1.6604573
-1 -2.1037613
-1 -1.3321916
-1 -3.9676331
-1 -2.9082239
-1 -2.3503945
-1 -1.7310136
-1 -6.3962181
-1 -2.3620868
-1 -3.4463112
-1 -2.4690905
-1 -2.2780793
-1 -2.6891372
-1 -2.7339168
-1 -2.8787673
-1 -1.6289404
-1 -3.5415889
-1 -1.7213385
-1 -0.82284028
-1 -1.2429305
-1 -3.2536213
-1 -2.6859267
-1 -2.057782
-1 -1.6747601
-1 -2.1258153
-1 -1.1723093
-1 -4.5840942
-1 -1.6545246
-1 -4.3319407
-1 -2.0270987
-1 -1.9894077
-1 -3.1152254
-1 -2.3760339
-1 -2.9202508
-1 -2.0066492
-1 -0.57756123
-1 -1.2258985
-1 -2.8308386
-1 -1.8209921
-1 -5.1496088
-1 -2.1443963
-1 -1.6251484
-1 -1.4168391
-1 -1.3537456
-1 -1.6284657
-1 -2.9121191
-1 -1.8416129
-1 -1.9125531
-1 -1.7167903
-1 -2.4837477
-1 -1.7328795
-1 -2.8262179
-1 -2.641428
-1 -2.4984271
-1 -3.3287051
-1 -1.5742204
-1 -2.6782339
-1 -1.8917345
-1 -2.8054614
-1 -1.8028137
-1 -2.4785676
-1 -3.8133284
-1 -1.868971
-1 -4.0453021
-1 -1.6001476
-1 -2.2208117
-1 -1.198892
-1 -1.9668751
-1 -2.4566846
-1 -3.4680578
-1 -0.62208288
-1 -1.4811241
-1 -1.10839
-1 -2.6680502
-1 -1.4254721
-1 -2.1399021
-1 -3.3599863
-1 -3.4928043
-1 -2.8538711
-1 -2.6683166
-1 -3.9211544
-1 -2.5883324
-1 -0.59908289
-1 -2.0551278
-1 -1.600961
-1 -1.4511698
-1 -3.9549534
-1 -1.8035855
-1 -1.7764108
-1 -4.8699975
-1 -2.1271634
-1 -4.6804223
-1 -7.2417431
-1 -1.8198506
-1 -3.3038461
-1 -3.4238335
-1 -2.3301234
-1 -2.9402304
-1 -2.4994491
-1 -1.6673631
-1 -2.8126745
-1 -3.3729482
-1 -5.6063875
-1 -1.3155323
-1 -1.7723088
-1 -1.6687406
-1 -3.3589779
-1 -3.1598828
-1 -2.5051232
-1 -3.4253704
-1 -2.571238
-1 -1.6692117
-1 -2.7757697
-1 -2.3960792
-1 -4.0950082
-1 -3.2884116
-1 -4.651616
-1 -1.2902704
-1 -3.4920459
-1 -0.9385805
-1 -4.4162623
-1 -2.0092298
-1 -3.2632117
-1 -3.1041371
-1 -1.7725874
-1 -2.3989008
-1 -2.5527333
-1 -2.1374392
-1 -1.0467385
-1 -2.2378788
-1 -4.1124031
-1 -2.1453249
-1 -2.1974718
-1 -2.70155
-1 -3.944758
-1 -4.1345473
-1 -2.1217314
-1 -3.2163718
-1 -1.8897515
-1 -4.3222133
-1 -2.0591708
-1 -1.8843051
-1 -2.5819895
-1 -2.4041617
-1 -3.0341399
-1 -3.2554784
-1 -2.2313258
-1 -3.204533
-1 -2.533017
-1 -1.5539653
-1 -3.2840985
-1 -1.3526043
-1 -3.4953806
-1 -2.1910338
-1 -0.77642859
-1 -2.6430935
-1 -2.1892141
-1 -4.2848749
-1 -4.2830593
-1 -1.9372189
-1 -4.6325335
-1 -2.7275634
-1 -2.6090191
-1 -3.4878455
-1 -7.8997214
-1 -3.2287253
-1 -3.3748326
-1 -4.01561
-1 -2.68427
-1 -3.0756955
-1 -1.2251105
-1 -2.0870868
-1 -1.7027698
-1 -1.5972452
-1 -2.453825
-1 -2.8495165
-1 -2.1488301
-1 -3.6988626
-1 -3.4407441
-1 -0.46400223
-1 -1.894031
-1 -0.6448164
-1 -2.0076716
-1 -2.7526242
-1 -1.9005048
-1 -5.2345525
-1 -2.0715562
-1 -4.3837418
-1 -1.4525472
-1 -1.3455383
-1 -2.8096892
-1 -2.3296372
-1 -2.0032945
-1 -2.2506124
-1 -1.8708369
-1 -2.0519475
-1 -0.94057267
-1 -0.92474788
-1 -4.7735698
-1 -2.6694755
-1 -0.63869742
-1 -2.7970559
-1 -2.9621221
-1 -3.3552775
-1 -1.8880096
-1 -4.2715355
-1 -2.489574
-1 -3.3403312
-1 -3.2717901
-1 -3.6987761
-1 -3.0896037
-1 -2.3935638
-1 -1.9537127
-1 -4.3088251
-1 -3.7487108
-1 -2.1147668
-1 -1.8464956
-1 -2.0433147
-1 -5.8689205
-1 -3.6822661
-1 -2.7624888
-1 -1.8639767
-1 -3.5839326
-1 -0.33461631
-1 -2.0936209
-1 -3.5187062
-1 -1.3890668
-1 -2.0272021
-1 -3.6116066
-1 -1.3040049
-1 -2.8234726
-1 -1.6323532
-1 -2.2732251
-1 -2.7004336
-1 -1.421629
-1 -5.2724478
-1 -2.2383114
-1 -2.1018697
-1 -3.3519402
-1 -1.9925381
-1 -1.8705099
-1 -4.3027979
-1 -3.7859122
-1 -2.7460221
-1 -2.8493372
-1 -0.88449229
-1 -4.794008
-1 -3.2094863
-1 -2.833151
-1 -2.8334289
-1 -2.7274859
-1 -2.7910876
-1 -5.0167519
-1 -1.7542328
-1 -5.8015797
-1 -1.9227525
-1 -3.3654038
-1 -5.183738
-1 -2.9241618
-1 -4.0779486
-1 -1.4602212
-1 -1.9455892
-1 -3.4434642
-1 -1.1585678
-1 -3.5465824
-1 -2.3441214
-1 -1.2828275
-1 0.046448464
-1 -2.594656
-1 -2.6592656
-1 -2.2515962
-1 -2.6093294
-1 -1.3187563
-1 -1.7605667
-1 -2.1805393
-1 -1.4911377
-1 -0.98432146
-1 -2.0439014
-1 -0.96106395
-1 -1.5889332
-1 -2.2757177
-1 -1.816656
-1 -2.1527867
-1 -2.8030515
-1 -1.9805683
-1 -1.98102
-1 -3.3526893
-1 -2.4992437
-1 -1.3147698
-1 -1.2280661
-1 -0.89436637
-1 -2.1464021
-1 -1.8663331
-1 -3.1627838
-1 -3.5435262
-1 -6.3263652
-1 -2.3663173
-1 -2.1356061
-1 -0.84405383
-1 -1.392788
-1 -2.1152546
-1 -4.0979177
-1 -3.1098319
-1 -1.680566
-1 -2.686359
-1 -1.9525296
-1 -5.909243
-1 -1.5643161
-1 -1.8348732
-1 -1.5527507
-1 -2.7772108
-1 -2.7238934
-1 -1.6665897
-1 -1.9149493
-1 -4.3095486
-1 -3.9711142
-1 -2.2080856
-1 -4.0569455
-1 -0.36383564
-1 -6.5671307
-1 -3.1916228
-1 -2.2202812
-1 -5.2249202
-1 -3.6705869
-1 -2.5813156
-1 -2.1232333
-1 -1.8960549
-1 -3.2189283
-1 -1.6796318
-1 -2.4833362
-1 -2.5178907
-1 -5.5490958
-1 -2.1843535
-1 -2.5295476
-1 -3.5184805
-1 -6.2274103
-1 -2.077066
-1 -2.7132828
-1 -2.9588262
-1 -3.2329853
-1 -1.7566972
-1 -2.283842
-1 -2.149275
-1 -2.4996587
-1 -1.2252507
-1 -2.1583876
-1 -0.94074299
-1 -2.0361338
-1 -2.3782956
-1 -2.2584211
-1 -2.4230175
-1 -3.1287335
-1 -3.6220214
-1 -2.2520236
-1 -1.1998856
-1 -2.2267904
-1 -2.4769162
-1 -1.5292134
-1 -1.8137669
-1 -2.0711955
-1 -1.6662409
-1 -2.8545264
-1 -4.6873208
-1 -1.9142802
-1 -1.1921368
-1 -1.3456328
-1 -2.0492779
-1 -3.232414
-1 -2.9668647
-1 -1.6190428
-1 -5.2899896
-1 -3.227101
-1 -2.9401262
-1 -2.0595412
-1 -1.205632
-1 -2.8884134
-1 -2.1612855
-1 -2.0607265
-1 -3.7924962
-1 -2.5369287
-1 -1.6072938
-1 -2.7779366
-1 -3.1239972
-1 -2.6348489
-1 -4.0737676
-1 -2.0414872
-1 -0.93383207
-1 -3.2729958
-1 -1.8622238
-1 -2.5996899
-1 -0.7708167
-1 -1.966388
-1 -2.4361907
-1 -3.3122326
-1 -3.3678003
-1 -4.1405369
-1 -1.373906
-1 -2.0909542
-1 -2.5105467
-1 -6.0564735
-1 -4.4526255
-1 -3.2090545
-1 -2.8433365
-1 -3.9135578
-1 -3.5037939
-1 -3.8044459
-1 -6.0072531
-1 -3.3638499
-1 -0.6903684
-1 -3.749958
-1 -3.9606067
-1 -3.0251431
-1 -2.6906065
-1 -3.2128939
-1 -1.6513479
-1 -3.0489413
-1 -2.8628604
-1 -2.9839175
-1 -2.77759
-1 -3.8743025
-1 -5.4156298
-1 -2.3197709
-1 -1.7647821
-1 -2.8237458
-1 -3.4548942
-1 -4.912767
-1 -1.7022496
-1 -0.69464535
-1 -3.6231451
-1 -2.698396
-1 -4.1370664
-1 -4.7051059
-1 -3.5769932
-1 -2.9777122
-1 -0.38234713
-1 -4.1831617
-1 -5.1753472
-1 -2.0113025
-1 -2.1815933
-1 -5.7431527
-1 -1.5469588
-1 -2.3969584
-1 -2.6139049
-1 -2.1056778
-1 -2.0013071
-1 -2.7782473
-1 -1.6385277
-1 -2.7194532
-1 -2.4005947
-1 -2.9481428
-1 -2.6855153
-1 -1.7324281
-1 -2.6256127
-1 -3.0470661
-1 -1.8960657
-1 -3.1948527
-1 -1.1082916
-1 -1.4670302
-1 -2.5380997
-1 -1.1100392
-1 -3.4140849
-1 -2.7090252
-1 -5.1297514
-1 -1.4911985
-1 -2.8149796
-1 -2.1378122
-1 -2.6428578
-1 -1.7670785
-1 -2.9089971
-1 -1.3294758
-1 -4.0130436
-1 -1.1717086
-1 -0.92457523
-1 -2.5226049
-1 -2.3722848
-1 -2.0735007
-1 -2.1635314
-1 -1.7651207
-1 -3.5739844
-1 -0.70866682
-1 -3.3103664
-1 -3.1307385
-1 -1.9142551
-1 -3.4622906
-1 -3.2379956
-1 -2.4980025
-1 -2.8147592
-1 -1.9061278
-1 -3.4258966
-1 -2.704833
-1 -3.2967426
-1 -2.1588616
-1 -1.6283256
-1 -0.63894181
-1 -3.0128374
-1 0.41695096
-1 -2.0317751
-1 -3.7805631
-1 -1.542262
-1 -2.301104
-1 -4.150226
-1 -2.6712976
-1 -2.3519029
-1 -2.1003905
-1 -2.5692267
-1 -3.9748731
-1 -3.3488533
-1 -1.4079584
-1 -2.0611243
-1 -1.8053065
-1 -0.49157879
-1 -2.4733413
-1 -2.0492377
-1 -1.2592414
-1 -2.5093012
-1 -3.7929873
-1 -4.3942378
-1 -2.9182974
-1 -1.7925971
-1 -2.4213014
-1 -3.5029725
-1 -0.86536091
-1 -4.0927489
-1 -1.2276375
-1 -3.2253145
-1 -3.6157389
-1 -3.9232826
-1 -1.3632757
-1 -0.96236546
-1 -1.9867659
-1 -4.059552
-1 -1.0621095
-1 -1.197227
-1 -4.4628289
-1 -1.4671147
-1 -2.2648148
-1 -4.9286664
-1 -1.7774734
-1 -2.6989753
-1 -2.8995403
-1 -1.7403224
-1 -2.8897236
-1 -2.4690103
-1 -3.5450889
-1 -4.2880621
-1 -3.6972262
-1 -3.7900245
-1 -1.6334433
-1 -2.7715203
-1 -1.7471496
-1 -1.684433
-1 -4.5008151
-1 -1.2747052
-1 -2.3480971
-1 -1.6890205
-1 -2.5024325
-1 -3.9065053
-1 -2.3828814
-1 -2.3575994
-1 -1.3911808
-1 -0.91454407
-1 -1.7133959
-1 -2.5524591
-1 -4.3676968
-1 -0.30045228
-1 -1.8668628
-1 -1.2719257
-1 -3.0237148
-1 -2.7320427
-1 -2.9529157
-1 -2.5233023
-1 -3.2881321
-1 -1.5209111
-1 -3.3727179
-1 -6.0009614
-1 -2.8437584
-1 -3.2807462
-1 -2.8951596
-1 -2.0433527
-1 -3.0297965
-1 -1.1990013
-1 -1.1343395
-1 -1.8476034
-1 -4.2438089
-1 -3.8221464
-1 -2.2701327
-1 -4.1556285
-1 -1.6204253
-1 -2.6958702
-1 -3.0512611
-1 -0.5623812
-1 -2.2074627
-1 -3.219305
-1 -2.1937395
-1 -3.7267287
-1 -2.8670945
-1 -2.8077149
-1 -2.1650113
-1 -1.1973505
-1 -4.4779849
-1 -3.807674
-1 -1.192022
-1 -3.3041566
-1 -4.0691422
-1 -3.9370147
-1 -1.0198858
-1 -1.6129438
-1 -1.9460277
-1 -3.0740295
-1 -3.8038149
-1 -1.3508652
-1 -3.2350384
-1 -4.4416023
-1 -3.2821141
-1 -1.6183474
-1 -2.8347594
-1 -2.667695
-1 -3.4608161
-1 -2.2344345
-1 -1.055982
-1 -3.9721308
-1 -2.460777
-1 -1.8726362
-1 -2.4589082
-1 -0.88528623
-1 -2.260646
-1 -1.9367162
-1 -3.1322227
-1 -1.3991293
-1 -0.42448473
-1 -2.6379619
-1 -2.0708326
-1 -2.6477656
-1 -3.4070295
-1 -2.8151612
-1 -1.9232725
-1 -3.2929695
-1 -3.2587422
-1 -3.5909653
-1 -2.2917501
-1 -5.3137021
-1 -2.3744181
-1 -0.74297837
-1 -5.4423489
-1 -2.6293803
-1 -2.3851763
-1 -5.5177324
-1 -6.1837753
-1 -2.3893537
-1 -1.4711875
-1 -2.4920824
-1 -2.6707793
-1 -2.1315689
-1 -2.6564421
-1 -2.8752391
-1 -1.6609668
-1 -0.51152802
-1 -1.1869925
-1 -1.8651382
-1 -2.2458435
-1 -1.7587997
-1 -3.4498615
-1 -1.4223977
-1 -1.4038447
-1 -3.2612478
-1 -0.77115797
-1 -3.1043009
-1 -2.1701481
-1 -2.4730334
-1 -2.0026632
-1 -0.030337746
-1 -2.0956405
-1 -2.2756875
-1 -2.8200472
-1 -1.5574422
-1 -2.3354486
-1 -2.2817595
-1 -2.2856688
-1 -1.7576036
-1 -2.507108
-1 -1.8774816
-1 -1.2581679
-1 -4.5668835
-1 -4.5914499
-1 -4.079627
-1 -1.6737993
-1 -4.1457924
-1 -1.7763054
-1 -1.3633916
-1 -3.1290456
-1 -2.4661946
-1 -4.9207061
-1 -4.1246944
-1 -2.9229148
-1 -2.5311575
-1 -3.1970399
-1 -1.4516087
-1 -2.5373896
-1 -2.6423524
-1 -2.924032
-1 -2.0644762
-1 -2.6166732
-1 -1.6878314
-1 -2.914476
-1 -2.5737605
-1 -1.1886658
-1 -1.0788968
-1 -5.2385825
-1 -2.5499106
-1 -5.1949266
-1 -1.7677074
-1 -4.2992843
-1 -2.0718631
-1 -4.4810062
-1 -3.6918842
-1 -2.4056009
-1 -1.1964414
-1 -1.0054408
-1 -3.1562393
-1 -2.4052332
-1 -2.4502495
-1 -2.2037898
-1 -2.9938584
-1 -2.2978666
-1 -3.5648653
-1 -3.5661602
-1 -3.4987423
-1 -1.8587419
-1 -4.0860853
-1 -1.4027971
-1 -5.0489352
-1 -2.3647361
-1 -4.9974905
-1 -3.2176115
-1 -2.8819873
-1 -1.8919849
-1 -3.1492698
-1 -2.7123057
-1 -4.1016363
-1 -1.0757484
-1 -3.5427373
-1 -3.1792126
-1 -1.3309073
-1 -3.7919687
-1 -0.676695
-1 -0.6331823
-1 -3.6491145
-1 -2.310864
-1 -2.6518669
-1 -0.3323212
-1 -1.8731443
-1 -2.0572864
-1 -3.4914529
-1 -1.5229938
-1 -2.7129752
-1 -1.0496746
-1 -2.0593164
-1 -3.7752972
-1 -3.9501352
-1 -2.434975
-1 -2.5983538
-1 -3.4555337
-1 -1.7768648
-1 -1.8466058
-1 -1.6248386
-1 -1.7411127
-1 -2.9830034
-1 -2.1334684
-1 -2.3733642
-1 -0.90964098
-1 -2.1165503
-1 -2.4112523
-1 -4.0324017
-1 -2.8680945
-1 -1.5144709
-1 -3.4965122
-1 -1.0234206
-1 -1.4359164
-1 -2.3040904
-1 -0.68959941
-1 -1.9799373
-1 -2.2095144
-1 -2.4522651
-1 -0.43401596
-1 -1.8398439
-1 -3.8357386
-1 -1.9343761
-1 -4.6509962
-1 -2.5785902
-1 -4.1629137
-1 -2.0237679
-1 -1.9557982
-1 -2.5304945
-1 -1.8215529
-1 -1.9158819
-1 -1.8246521
-1 -2.9041614
-1 -3.848767
-1 -2.1122604
-1 -2.6613317
-1 -6.8920777
-1 -4.2483203
-1 -1.6687221
-1 -2.3290998
-1 -1.8933191
-1 -2.1979156
-1 -1.3471272
-1 -3.1313133
-1 -1.7444659
-1 -2.971845
-1 -2.116458
-1 -2.8746278
-1 -0.29518783
-1 -2.6293366
-1 -3.2607307
-1 -2.6218858
-1 -1.5607604
-1 -1.8241975
-1 -2.9530636
-1 -4.3628544
-1 -3.4433099
-1 -1.9599261
-1 -2.0022307
-1 -2.8874248
-1 -2.4386982
-1 -2.6488776
-1 -1.9627186
-1 -2.2783853
-1 -2.7674362
-1 -2.3401041
-1 -3.6151864
-1 -2.3711646
-1 -0.97746515
-1 -4.2196031
-1 -3.4923017
-1 -1.5300555
-1 -2.7158591
-1 -3.8303336
-1 -3.4113198
-1 -1.6261552
-1 -3.242175
-1 -2.1774636
-1 -2.4441631
-1 -3.4761901
-1 -2.6957725
-1 -4.0279611
-1 -3.8387756
-1 -2.219366
-1 -4.9312752
-1 -1.3670886
-1 -2.7155021
-1 -3.6880226
-1 -5.0841834
-1 -3.064631
-1 -2.5062442
-1 -2.7466078
-1 -3.854368
-1 -2.2802309
-1 -3.7918771
-1 -2.0165832
-1 -2.6373383
-1 -3.5218528
-1 -1.999084
-1 -1.8808924
-1 -0.83428741
-1 -1.2225792
-1 -2.5308702
-1 -3.3265666
-1 -2.5007323
-1 -6.0530856
-1 -1.7521144
-1 -1.7200915
-1 -0.91943077
-1 0.18968872
-1 -2.7400631
-1 -3.353736
-1 -0.50836999
-1 -3.8055355
-1 -2.2863381
-1 -0.82767715
-1 -1.7809782
-1 -1.6072483
-1 -3.52273
-1 -2.4464831
-1 -2.0445875
-1 -2.3377729
-1 -3.3121932
-1 -2.8653997
-1 -1.7706519
-1 -1.8984376
-1 -2.6993838
-1 -2.3761648
-1 -2.87668
-1 -2.3670574
-1 -1.3647192
-1 -4.4031577
-1 -2.9028366
-1 -0.27554572
-1 -0.88540976
-1 -2.8814361
-1 -2.5813739
-1 -4.2194123
-1 -2.1029844
-1 -0.82168008
-1 -4.4943054
-1 -2.5741271
-1 -4.5345827
-1 -2.2383164
-1 -3.3461294
-1 -1.6110251
-1 -2.1837167
-1 -1.5319404
-1 -3.1218364
-1 -2.6490035
-1 -3.2888745
-1 -3.8997206
-1 -2.0348089
-1 -2.609622
-1 -1.1854524
-1 -1.5563419
-1 -2.1546887
-1 -2.9807057
-1 -4.153507
-1 -2.4035367
-1 -1.0852403
-1 -2.3448555
-1 -2.8812034
-1 -1.4633837
-1 -3.3122796
-1 -0.71137065
-1 -2.003202
-1 -3.3430216
-1 -2.6688644
-1 -1.3031848
-1 -2.5002228
-1 -4.6743547
-1 -2.6104614
-1 -3.8182133
-1 -4.1008988
-1 -1.7088985
-1 -2.3139382
-1 -2.0413203
-1 -2.2227217
-1 -2.3791218
-1 -2.2189716
-1 -3.0989034
-1 -2.0931642
-1 -2.737807
-1 -2.2160252
-1 -2.7843993
-1 -1.7866591
-1 -1.8089429
-1 -2.7581552
-1 -3.1908134
-1 -2.0874043
-1 -2.65183
-1 -2.678673
-1 -1.934635
-1 -3.2508073
-1 -1.17679
-1 -2.99266
-1 -2.2158398
-1 -2.5211202
-1 -2.2844945
-1 -0.90651954
-1 -2.0947442
-1 -2.5066768
-1 -1.3997742
-1 -3.0009561
-1 -1.6975818
-1 -3.1975974
-1 -1.643098
-1 -4.1949178
-1 -1.6379759
-1 -0.86326127
-1 -3.9492181
-1 -3.0802939
-1 -2.016047
-1 -2.2261797
-1 -3.2567047
-1 0.59885603
-1 -1.3707244
-1 -2.7019209
-1 -2.6293022
-1 -3.2057081
-1 -2.7259087
-1 -1.6586576
-1 -2.1871502
-1 -0.25771236
-1 -1.5914197
-1 -1.6753055
-1 -1.7630527
-1 -2.0827038
-1 -2.3832662
-1 -2.0241045
-1 -2.0445549
-1 -1.8531725
-1 -3.4916448
-1 -2.8306337
-1 -2.854723
-1 -2.022356
-1 -1.487312
-1 -1.4882235
-1 -1.9720308
-1 -2.3853993
-1 -1.2439452
-1 -3.4392007
-1 -1.7229623
-1 -3.1735439
-1 -1.5001522
-1 -1.1466415
-1 -3.9737808
-1 -1.648557
-1 -2.0341276
-1 -2.208396
-1 -2.1202867
-1 -2.3796094
-1 -1.6433998
-1 -3.9797186
-1 -3.8687116
-1 -2.2151398
-1 -2.3922021
-1 -1.494745
-1 -2.8962328
-1 -2.9702961
-1 -2.4865274
-1 -2.9162474
-1 -4.6618628
-1 -2.884814
-1 -3.3502989
-1 -6.5801581
-1 -2.0968217
-1 -2.9094458
-1 -2.5084241
-1 -2.7228997
-1 -3.0784857
-1 -1.8463847
-1 -1.5280763
-1 -3.2278009
-1 -1.6801485
-1 -2.5016122
-1 -2.4731003
-1 -3.3580699
-1 -3.2416019
-1 -2.0977328
-1 -1.4496038
-1 -2.466382
-1 -2.0332656
-1 -1.7548083
-1 -2.7483032
-1 -2.8678823
-1 -4.0459767
-1 -3.172704
-1 -1.1838563
-1 -4.1249405
-1 -2.1894088
-1 -3.8029265
-1 -1.4012731
-1 -3.2364667
-1 -2.4279676
-1 -3.0922032
-1 -1.1632777
-1 -3.4113068
-1 -3.0262966
-1 -5.3858292
-1 -6.9071567
-1 -2.9246515
-1 -3.313274
-1 -6.5516448
-1 -1.8719054
-1 -3.8110149
-1 -2.4741323
-1 -3.0920085
-1 -4.2401675
-1 -1.0751936
-1 -3.0234303
-1 -1.9976888
-1 -1.581002
-1 -2.3889035
-1 -1.4703774
-1 -3.3619993
-1 -2.9678214
-1 -1.2376392
-1 -2.0779987
-1 -2.9989147
-1 -2.456378
-1 -1.4421627
-1 -3.3494871
-1 -0.36536474
-1 -3.0466199
-1 -2.0349003
-1 -3.1837378
-1 -1.660156
-1 -2.0910163
-1 -2.813982
-1 -2.4322131
-1 -3.131053
-1 -2.3853634
-1 -1.60907
-1 -2.3064101
-1 -2.0251261
-1 -2.1483251
-1 -4.2856349
-1 -2.0264912
-1 -3.6310283
-1 -1.4027695
-1 -3.3711184
-1 -1.9233456
-1 -2.7179271
-1 -3.0983182
-1 -2.1825202
-1 -2.0965162
-1 0.13090574
-1 -2.3987435
-1 -3.0288609
-1 -3.2032191
-1 -1.5290806
-1 -2.1079619
-1 -0.90493256
-1 -0.99142266
-1 -1.456214
-1 -3.5465242
-1 -3.2036647
-1 -5.5516464
-1 -2.5967705
-1 -3.0801127
-1 -3.2028296
-1 -3.2797864
-1 -4.0717363
-1 -2.4637335
-1 -2.8077934
-1 -3.3684764
-1 -1.0220007
-1 -1.2578219
-1 0.42329788
-1 -2.4262594
-1 -2.2661837
-1 -2.1127708
-1 -2.9741282
-1 -3.7705988
-1 -2.8913964
-1 -2.2418606
-1 -2.2024007
-1 -1.5603766
-1 -1.2995016
-1 -1.8946056
-1 -1.0838294
-1 -3.0912462
-1 -1.214066
-1 -2.8752625
-1 -2.9437827
-1 -2.8690435
-1 -2.5462322
-1 -2.6859546
-1 -2.3818112
-1 -4.0854999
-1 -0.87137311
-1 -2.3893442
-1 -1.9427015
-1 -3.539875
-1 -2.6068042
-1 -3.0692705
-1 -1.7636237
-1 -1.4299012
-1 -3.465241
-1 -3.998661
-1 -2.9492607
-1 -2.1345212
-1 -1.9776326
-1 -1.3267336
-1 -2.3112697
-1 -2.5971487
-1 -3.4527703
-1 -2.3580783
-1 -1.4363177
-1 -0.34902881
-1 -2.2055272
-1 -2.1811033
-1 -3.3088529
-1 -0.2632599
-1 -1.0322505
-1 -2.753621
-1 -1.8195968
-1 -2.9744546
-1 -3.6762397
-1 -1.627968
-1 -2.5232443
-1 -2.2726864
-1 -3.3830233
-1 -1.4881035
-1 -3.5490178
-1 -2.1446966
-1 -2.7530109
-1 -1.9265371
-1 -2.3306924
-1 -2.9401411
-1 -1.8894592
-1 -2.5715112
-1 -1.1371895
-1 -2.0453648
-1 -1.5286827
-1 -2.0369228
-1 -1.7379532
-1 -2.1883044
-1 -2.493502
-1 -1.1952728
-1 -0.14015385
-1 -4.1421482
-1 -1.8310478
-1 -1.3428473
-1 -3.9682305
-1 -2.3017909
-1 -2.7965011
-1 -0.64209607
-1 -2.2870777
-1 -2.4757258
-1 -1.1383396
-1 -4.1965411
-1 -1.967995
-1 -2.1380244
-1 -2.5581107
-1 -1.8531356
-1 -2.1541517
-1 -4.2839313
-1 -0.82169411
-1 -1.8100099
-1 -0.93230659
-1 -1.7225954
-1 -2.2632505
-1 -2.0535573
-1 -1.7017275
-1 -3.9762961
-1 -2.1897986
-1 -4.9197077
-1 -2.2256398
-1 -2.8318314
-1 -2.5063614
-1 -2.7330497
-1 -4.3366304
-1 -2.3595664
-1 -2.4592078
-1 -1.2706638
-1 -1.8281811
-1 -1.2292938
-1 -2.320596
-1 -3.4261074
-1 -2.3806166
-1 -3.6169573
-1 -1.3968512
-1 -2.4420109
-1 -3.3548533
-1 -1.3317626
-1 -2.8199564
-1 -1.4510959
-1 -3.1383721
-1 -2.3789675
-1 -0.81056102
-1 -1.7261149
-1 -5.6548227
-1 -2.8014892
-1 -3.9490475
-1 -2.63035
-1 -3.965463
-1 -2.5147448
-1 -1.4765746
-1 -3.6301311
-1 -2.7997906
-1 -2.448857
-1 -2.6885272
-1 -1.1002135
-1 -1.9653219
-1 -2.2504883
-1 -4.1565973
-1 -1.8806505
-1 -2.1454591
-1 -2.9900876
-1 -1.190927
-1 -2.9799423
-1 -2.3758951
-1 -3.0354969
-1 -3.8363539
-1 -0.88637858
-1 -3.437769
-1 -1.5720806
-1 -3.8071365
-1 0.00076791784
-1 -3.5942309
-1 -3.6328647
-1 -1.928977
-1 -1.8022566
-1 -3.3069583
-1 -1.4682359
-1 -1.9425531
-1 -3.8703503
-1 -3.0194954
-1 -2.7601465
-1 -3.0635007
-1 -2.6174105
-1 -1.5856482
-1 -4.157233
-1 -2.6045498
-1 -1.5945367
-1 -2.7420938
-1 -3.3310577
-1 -2.4728123
-1 -2.9624868
-1 -2.997715
-1 -1.8329663
-1 -1.4044271
-1 -1.6036157
-1 -0.7024385
-1 -2.0275328
-1 -2.2900163
-1 -2.7073332
-1 -3.1621649
-1 -2.3736883
-1 -0.93566125
-1 -4.7378059
-1 -3.3691664
-1 -2.9331168
-1 -1.4777859
-1 0.010699539
-1 -3.0223392
-1 -2.1013772
-1 -3.0861087
-1 -1.417276
-1 -0.96122878
-1 -1.6138535
-1 -2.6303948
-1 -4.0342394
-1 -2.8128095
-1 -3.5238318
-1 -3.3423592
-1 -4.1597702
-1 -2.741055
-1 -4.172973
-1 -2.4815652
-1 -2.381322
-1 -1.4637669
-1 -2.6263393
-1 -5.8171602
-1 -4.7084334
-1 -2.2677879
-1 -3.6635989
-1 -5.0324985
-1 -2.4033123
-1 -3.6962941
-1 -2.568134
-1 -2.241504
-1 -1.6432258
-1 -3.6025906
-1 -4.1351702
-1 -2.1824985
-1 -1.6243558
-1 -2.7046849
-1 -2.608433
-1 -2.0805965
-1 -1.740616
-1 -1.8065824
-1 -3.2034859
-1 -1.9009703
-1 -2.5565687
-1 -3.0836476
-1 -1.883842
-1 -2.075113
-1 -1.6338355
-1 -2.0594862
-1 -1.1434783
-1 -3.416606
-1 -2.4118167
-1 -3.1197949
-1 -3.2521415
-1 -4.8620689
-1 -2.1470722
-1 -2.1691972
-1 -1.4837755
-1 -1.2199792
-1 -2.2431501
-1 -4.9742697
-1 -0.80452848
-1 -2.766046
-1 -6.2312672
-1 -3.371617
-1 -2.7028293
-1 -3.3287644
-1 -1.6850427
-1 -2.0450463
-1 -1.5844208
-1 -1.7090734
-1 -2.2336011
-1 -1.1931418
-1 -5.7325589
-1 -3.7539937
-1 -3.6714841
-1 -1.1296586
-1 -2.584874
-1 -1.4637843
-1 -1.8901416
-1 -2.9132909
-1 -1.4058447
-1 -3.5925371
-1 -0.89512168
-1 -1.2527471
-1 -2.8741708
-1 -4.2464894
-1 -1.229913
-1 -1.8193581
-1 -2.3914481
-1 -3.2899451
-1 -1.0743926
-1 -2.6691965
-1 -3.5243912
-1 -2.5685002
-1 -3.3753709
-1 -3.3037853
-1 -5.0490437
-1 -2.9940254
-1 -2.5120086
-1 -2.4551532
-1 -0.89594174
-1 0.48049758
-1 -3.7176083
-1 -3.7334959
-1 -1.9113328
-1 -2.4084289
-1 -2.6186184
-1 -2.7662749
-1 -1.8774708
-1 -2.2692872
-1 -2.5974225
-1 -2.0378294
-1 -2.7608155
-1 -1.8683844
-1 -1.6406385
-1 -2.9971673
-1 -3.1184991
-1 -4.3793437
-1 -4.3979411
-1 -3.4742909
-1 -2.1966968
-1 -2.0011172
-1 -2.0555046
-1 -3.8131757
-1 -2.0072783
-1 -2.2579633
-1 -2.1245359
-1 -2.030776
-1 -0.95607993
-1 -2.9480514
-1 -4.638652
-1 -6.1598241
-1 -4.1841646
-1 -4.242409
-1 -2.080023
-1 -3.6240491
-1 -2.7355351
-1 -4.3413929
-1 -2.8388844
-1 -2.6478352
-1 -1.5842014
-1 0.19176985
-1 -1.9776125
-1 -2.003657
-1 -3.0598799
-1 -1.8479232
-1 -2.4779579
-1 -0.82461034
-1 -3.5584542
-1 -1.8441025
-1 -2.397779
-1 -2.4452062
-1 -3.0160273
-1 -2.5764259
-1 -1.9197825
-1 -3.773622
-1 -3.0695011
-1 -2.4852003
-1 -1.756746
-1 -2.8999308
-1 -2.7213631
-1 -1.8401752
-1 -1.7878001
-1 -1.9791266
-1 -3.0163182
-1 -0.83516199
-1 -1.6931752
-1 -1.5207527
-1 -2.2564584
-1 -4.125001
-1 -1.9108624
-1 -1.1133809
-1 -1.4775509
-1 -2.1341914
-1 -2.0305114
-1 -3.4308253
-1 -2.1533424
-1 -1.6252307
-1 -4.6759936
-1 -1.1769678
-1 -1.2513113
-1 -1.041349
-1 -2.7286758
-1 -3.202036
-1 -1.9338413
-1 -3.5570517
-1 -3.0405235
-1 -2.7877387
-1 -2.4811464
-1 -2.1242501
-1 -2.0236805
-1 -3.0768278
-1 -2.8702402
-1 -3.2031597
-1 -2.0993751
-1 -1.1701932
-1 -3.1806616
-1 -2.9346131
-1 -2.9497081
-1 -1.9663218
-1 -2.9156726
-1 -5.5353216
-1 -1.7220272
-1 -4.0393961
-1 -3.1860922
-1 -2.2409721
-1 -1.9814177
-1 -2.1237806
-1 -3.0062463
-1 -2.1200551
-1 -1.8225118
-1 -2.3000767
-1 -1.0136154
-1 -2.1767818
-1 -2.7497451
-1 -2.1168366
-1 -1.9602403
-1 -3.1830581
-1 -3.6597329
-1 -2.6111537
-1 -3.4409003
-1 -2.1376272
-1 -2.1309796
-1 -5.9838667
-1 -2.390407
-1 -2.906835
-1 -1.45258
-1 -1.2790942
-1 -0.8096376
-1 -4.1865408
-1 -3.0252337
-1 -2.2995924
-1 -2.6463565
-1 -2.6757914
-1 -2.4282129
-1 -1.8824686
-1 -3.8528237
-1 -2.4409762
-1 -0.92279535
-1 -2.0566307
-1 -1.5378196
-1 -2.1553045
-1 -2.5352625
-1 -3.3226773
-1 0.19100295
-1 -2.2477118
-1 -1.6012338
-1 -3.9884516
-1 -0.74184169
-1 -1.5682051
-1 -2.5471133
-1 -1.6944469
-1 -2.8615468
-1 -4.086685
-1 -2.754877
-1 -1.2929776
-1 -4.0410022
-1 -1.8604598
-1 -2.1312223
-1 -3.7150171
-1 -1.9514737
-1 -2.9004328
-1 -1.6685845
-1 -4.0254897
-1 -2.6191531
-1 -1.3437302
-1 -3.8832611
-1 -2.4755212
-1 -3.4832799
-1 -2.4392143
-1 -4.5666315
-1 -3.2618163
-1 -3.5811342
-1 -1.1071251
-1 -2.3072987
-1 -2.8502757
-1 -2.825876
-1 -2.2651212
-1 -3.8959708
-1 -1.8166866
-1 -2.8331711
-1 -1.7469191
-1 -3.1846174
-1 -2.2278331
-1 -2.0349711
-1 -2.9428783
-1 -1.6741079
-1 -2.5484497
-1 -4.4378379
-1 -2.2641088
-1 -3.5186198
-1 -3.2470792
-1 -2.8294156
-1 -1.3659516
-1 -3.023426
-1 -1.2444644
-1 -2.6723784
-1 -2.4687374
-1 -2.9314312
-1 -1.9036429
-1 -3.1526847
-1 -0.67472309
-1 -1.3718819
-1 -2.8256241
-1 -3.2289854
-1 -1.4522376
-1 -2.4062005
-1 -1.2245984
-1 -1.0366627
-1 -2.1803229
-1 -2.0081663
-1 -1.938253
-1 -4.732709
-1 -2.034673
-1 -2.9508077
-1 -4.8375935
-1 -5.6917147
-1 -2.4662671
-1 -1.617595
-1 -4.6457926
-1 -3.3120466
-1 -1.8225918
-1 -2.632573
-1 -2.6608377
-1 -2.7184309
-1 -4.0647276
-1 -1.6630048
-1 -4.3958584
-1 -4.8725113
-1 -2.3416158
-1 -3.1163724
-1 -3.5587004
-1 -3.3762156
-1 -1.0965548
-1 -1.3878299
-1 -1.7580194
-1 -1.6974156
-1 -3.8865068
-1 -4.7552633
-1 -1.9435497
-1 -3.7019442
-1 -3.7781114
-1 -2.3791718
-1 -3.1794891
-1 -1.2106675
-1 -3.7250032
-1 -2.4612701
-1 -2.9091768
-1 -2.7478996
-1 -2.1755216
-1 -2.5028827
-1 -1.5701959
-1 -2.0263394
-1 -2.1405325
-1 -3.3647262
-1 -3.0499064
-1 -2.8132702
-1 -5.1188727
-1 -1.3011201
-1 -3.3207043
-1 -2.5296567
-1 -2.544303
-1 -2.6428758
-1 -2.2646313
-1 -3.776141
-1 -2.8584466
-1 -1.2753686
-1 -0.94837791
-1 -2.9060719
-1 -0.98222499
-1 -2.5200117
-1 -3.025175
-1 -1.8985181
-1 -2.7287253
-1 -1.4469298
-1 -3.0088034
-1 -4.5753581
-1 -2.5127244
-1 -1.4533843
-1 -2.53221
-1 -2.2518363
-1 -3.5049054
-1 -5.5018661
-1 -0.96347375
-1 -1.2708868
-1 -2.2348036
-1 -3.0431122
-1 -1.0747254
-1 -1.0210086
-1 -3.3400726
-1 -2.4822805
-1 -3.3263294
-1 -1.6206385
-1 -1.3191744
-1 -2.6224034
-1 -1.438104
-1 -1.4494528
-1 -4.1765034
-1 -2.2804151
-1 -4.0947194
-1 -2.3927003
-1 -1.9222644
-1 -3.7020696
-1 -4.0281567
-1 -2.3111167
-1 -2.8024048
-1 -2.1791012
-1 -1.9670856
-1 -4.3109255
-1 -3.469506
-1 -0.84975319
-1 -1.5315898
-1 -3.9444827
-1 -2.1373355
-1 -1.4663152
-1 -1.9217547
-1 -1.49243
-1 -1.8597785
-1 -0.94724381
-1 -1.8390507
-1 -2.9797142
-1 -4.360438
-1 -2.6956383
-1 -1.4487176
-1 -1.3131295
-1 -4.7236618
-1 -1.3728314
-1 -3.0224324
-1 -2.0847977
-1 -6.1921198
-1 -2.9283538
-1 -2.3362737
-1 -3.2466696
-1 -4.0921552
-1 -3.2090695
-1 -1.7369358
-1 -2.7554372
-1 -4.0597208
-1 -1.290254
-1 -2.2479146
-1 -2.2870521
-1 -3.082783
-1 -2.4413328
-1 -3.0805215
-1 -3.6585134
-1 -2.8265566
-1 -3.5405962
-1 -4.9678954
-1 -4.4227205
-1 -3.5508975
-1 -1.1852881
-1 -2.3670112
-1 -2.6562853
-1 -2.1709577
-1 -3.9810906
-1 -4.6431508
-1 -2.7683566
-1 -3.7477591
-1 -0.65888347
-1 -1.8867584
-1 -2.3336838
-1 -2.7715795
-1 -3.3034802
-1 -3.0362741
-1 -6.5943023
-1 -1.2907354
-1 -1.7121147
-1 -0.5271122
-1 -1.985167
-1 -1.7739405
-1 -4.358408
-1 -0.80414431
-1 -3.481142
-1 -2.5687872
-1 -2.3541957
-1 -2.8466082
-1 -1.004259
-1 -2.3893589
-1 -3.7366784
-1 -2.8048231
-1 -3.1216573
-1 -1.0337653
-1 -1.0675184
-1 -5.53807
-1 -2.5816626
-1 -2.6416837
-1 -2.0585699
-1 -2.2407839
-1 -5.3852028
-1 -2.1620536
-1 -2.2580972
-1 -1.9772361
-1 -0.044047235
-1 -3.0637073
-1 -2.8334097
-1 -4.6890129
-1 -2.3751842
-1 -1.5408413
-1 -2.1655887
-1 -2.1151197
-1 -2.4080749
-1 -3.1023961
-1 -1.1428039
-1 -3.6574672
-1 -3.9944795
-1 1.0907805
-1 -5.7736191
-1 -6.4019626
-1 -2.6992545
-1 -4.3984773
-1 -1.9403122
-1 -4.6066626
-1 -1.4896457
-1 -1.8762183
-1 -2.5625806
-1 -6.5594872
-1 -1.575218
-1 -1.6160918
-1 -2.7485445
-1 -1.9686295
-1 -2.3254537
-1 -1.9437012
-1 -1.8849761
-1 -3.702021
-1 -2.2665296
-1 -3.4107365
-1 -3.4465339
-1 -3.2716319
-1 -1.8873082
-1 -2.3740385
-1 -2.6648628
-1 -3.7333618
-1 -2.1937956
-1 -2.4428818
-1 -3.0145772
-1 -3.4145373
-1 -2.511094
-1 -2.7172864
-1 -1.7696764
-1 -2.3127776
-1 -3.5445297
-1 -3.1491174
-1 -2.3388135
-1 -1.9015224
-1 -2.5151435
-1 -3.4018751
-1 -1.628137
-1 -4.4646522
-1 -1.2285871
-1 -2.2358477
-1 -0.42693087
-1 -3.1113387
-1 -1.7735056
-1 -1.3804919
-1 -2.9544473
-1 -3.140504
-1 -2.9067592
-1 -2.5223797
-1 -1.6338225
-1 -4.4264025
-1 -2.0922052
-1 -2.8160454
-1 -2.326395
-1 -1.9562896
-1 -3.8707379
-1 -4.324164
-1 -2.3856372
-1 -0.80725978
-1 -2.1609903
-1 -2.9274842
-1 -2.18584
-1 -2.5593549
-1 -1.0788234
-1 -2.4312813
-1 -4.5513146
-1 -3.6906794
-1 -1.5569654
-1 -1.4291728
-1 -1.3009536
-1 -6.1706602
-1 -3.2861184
-1 -4.1037658
-1 -1.6498126
-1 -3.3759691
-1 -1.1949293
-1 -4.2267236
-1 -3.3199289
-1 -3.4016306
-1 -2.1608102
-1 -2.0478928
-1 -3.0959858
-1 -1.9859096
-1 -2.3060771
-1 -2.3806503
-1 -1.4980445
-1 -2.8927433
-1 -1.7344205
-1 -2.8689367
-1 -1.2060583
-1 -1.8870436
-1 -3.5970174
-1 -2.9452861
-1 -3.7867477
-1 -3.3456855
-1 -1.449466
-1 -1.0842253
-1 -1.1739843
-1 -0.97363126
-1 0.25325877
-1 -3.8507575
-1 -1.6357654
-1 -1.5506018
-1 -4.0442387
-1 -2.7589268
-1 -1.6631187
-1 -2.9928832
-1 -0.96750064
-1 -2.5255255
-1 -3.046485
-1 -2.4313195
-1 -3.0720037
-1 -5.309772
-1 -3.1584015
-1 -1.3022303
-1 -5.0671672
-1 -2.2766417
-1 -3.8280296
-1 -3.3823674
-1 -2.2052255
-1 -1.3134979
-1 -2.8633216
-1 -2.7647692
-1 -2.4211986
-1 -1.4125704
-1 -5.9775232
-1 -4.9016081
-1 -1.0143047
-1 -3.9121742
-1 -2.5308462
-1 -1.9650865
-1 -3.8517755
-1 -2.1117145
-1 -2.6341444
-1 -2.0756075
-1 -1.4411658
-1 -2.9422475
-1 -3.0988832
-1 -3.9335068
-1 -2.4883924
-1 -2.3614643
-1 -2.4231685
-1 -1.7808011
-1 -1.7396154
-1 -4.4257889
-1 -3.6112357
-1 -3.1115461
-1 -2.8413273
-1 -2.2592213
-1 -3.0306461
-1 -0.78965471
-1 -1.4530873
-1 -3.8072536
-1 -2.1172237
-1 -1.5850781
-1 -1.3923282
-1 -2.043391
-1 -1.0477367
-1 -4.5460803
-1 -1.0665017
-1 -2.7900199
-1 -1.2765801
-1 -0.34911329
-1 -1.7167391
-1 -2.7055955
-1 -5.2146841
-1 -2.7455712
-1 -2.341324
-1 -0.46445649
-1 -1.5615919
-1 -2.4238787
-1 -2.3718498
-1 -2.7142393
-1 -2.5987904
-1 -1.6598603
-1 -2.7938568
-1 -2.7678888
-1 -2.6444732
-1 -2.6502984
-1 -2.1660959
-1 -4.2321067
-1 -2.3367945
-1 -4.0923686
-1 -2.3513427
-1 -3.2708974
-1 -5.9338751
-1 -2.6925917
-1 -1.806798
-1 -5.2220153
-1 -1.9335594
-1 -2.9263063
-1 -1.5897275
-1 -1.1365665
-1 -4.1891573
-1 -2.9013433
-1 -2.9133808
-1 -1.9410777
-1 -1.7578683
-1 -1.2501908
-1 -2.004886
-1 -2.556889
-1 -2.7734459
-1 -2.0142483
-1 -2.7245861
-1 -2.5429337
-1 -1.6408405
-1 -1.5139376
-1 -0.98611481
-1 -2.0492818
-1 -3.7309559
-1 -2.3277086
-1 -3.2496552
-1 -3.1776599
-1 -2.4198057
-1 -1.7035547
-1 -0.58354575
-1 -1.2518681
-1 -1.4894246
-1 -1.9181619
-1 -1.8255817
-1 -4.7823084
-1 -3.2438851
-1 -2.8029055
-1 -3.3254374
-1 -3.1174442
-1 -3.8899049
-1 -2.5818814
-1 -3.1235316
-1 -2.5456026
-1 -0.50587217
-1 0.049960653
-1 -3.3752692
-1 -0.93279298
-1 -2.5930897
-1 -6.2305201
-1 -1.4469935
-1 -1.2035078
-1 -0.63047985
-1 -3.0093499
-1 -1.9711465
-1 -2.9038921
-1 -3.5359462
-1 -1.8458796
-1 -2.0973034
-1 -2.3281433
-1 -1.8333849
-1 -2.7432782
-1 -2.1546342
-1 -1.9054334
-1 -3.1280779
-1 -2.595728
-1 -1.3972961
-1 -5.7040675
-1 -3.8310231
-1 -3.2067878
-1 -0.73622442
-1 -4.0282159
-1 -2.5800997
-1 -1.0908701
-1 -3.8228885
-1 -1.9905513
-1 -1.8169814
-1 -3.3829602
-1 -4.9579521
-1 -4.2178608
-1 -3.2263844
-1 -2.3937109
-1 -2.9065339
-1 -4.0331338
-1 -3.9326499
-1 -2.3645946
-1 -1.2688947
-1 -2.6916694
-1 -2.8466341
-1 -2.513367
-1 -2.5400125
-1 -1.02817
-1 -1.0683701
-1 0.1039164
-1 -2.2044268
-1 -1.3010511
-1 -1.8236629
-1 -4.0892119
-1 -2.9869225
-1 -1.8016137
-1 -2.4662439
-1 -2.8240824
-1 -5.3295716
-1 -2.936643
-1 -2.4277996
-1 -2.0287953
-1 -1.3346271
-1 -2.3195442
-1 -3.3215398
-1 -0.83136061
-1 -0.84022299
-1 -4.0391774
-1 -1.3187631
-1 -2.5666367
-1 -2.4144889
-1 -3.1678874
-1 -2.977821
-1 -0.97351196
-1 -1.5419114
-1 -1.0910564
-1 -2.2897666
-1 -1.6347229
-1 -3.3353379
-1 -2.1964272
-1 -3.0166042
-1 -1.8956406
-1 -2.1215633
-1 -1.1704273
-1 -1.2589188
-1 -3.2624198
-1 -1.7082947
-1 -4.6977532
-1 -2.6829466
-1 -1.424784
-1 -3.3725189
-1 -3.9264978
-1 -0.91058911
-1 -3.9765982
-1 -2.1806692
-1 -1.2857491
-1 -2.9588942
-1 -3.7058431
-1 -2.6044714
-1 -3.4693192
-1 -2.1404511
-1 -3.0411013
-1 -1.3380837
-1 -3.031806
-1 -2.9043934
-1 -1.5166239
-1 -4.7203908
-1 -3.2952555
-1 -1.4521158
-1 -2.0780482
-1 -2.0431492
-1 -3.2642016
-1 -2.6996749
-1 -1.6030837
-1 -2.4830439
-1 -0.0084643768
-1 -2.3634146
-1 -1.4495521
-1 -2.0813917
-1 -3.1116678
-1 -2.5084371
-1 -2.2555181
-1 -1.57497
-1 -3.4171351
-1 -1.1132978
-1 -3.201516
-1 -2.7153141
-1 -2.9021598
-1 -3.013563
-1 -2.2701005
-1 -2.6531607
-1 -1.5530789
-1 -1.5142304
-1 -2.4457929
-1 -4.5546271
-1 -2.9991577
-1 -4.3250552
-1 -3.1501824
-1 -4.4306309
-1 -3.2792789
-1 -2.4988756
-1 -3.0936142
-1 -2.9164735
-1 -1.3976791
-1 -2.4206747
-1 -1.1807738
-1 -3.2420099
-1 -5.3933434
-1 -1.8100846
-1 -1.6840222
-1 -2.5618692
-1 -2.4333302
-1 -3.3554636
-1 -2.0472729
-1 -1.0201933
-1 -2.4382182
-1 -1.9310076
-1 -2.2197831
-1 -1.1912223
-1 -3.8764853
-1 -4.2092506
-1 -2.0554621
-1 -1.1696837
-1 -3.7946802
-1 -3.9147186
-1 -1.8314521
-1 -3.5008999
-1 -1.4337712
-1 -4.3684434
-1 -1.2691352
-1 -2.1717275
-1 -2.0828151
-1 -0.57087903
-1 -1.8741022
-1 -5.8398492
-1 -3.9427436
-1 -0.65539351
-1 -2.250531
-1 -2.5161197
-1 -1.8866832
-1 -4.7707597
-1 -1.9728207
-1 -1.7122608
-1 -3.4975668
-1 -1.1754924
-1 -2.7575197
-1 -1.9195976
-1 -1.4156274
-1 -2.5758685
-1 -0.70515955
-1 -3.5006977
-1 -3.4288712
-1 -2.7468425
-1 -2.8863708
-1 -4.4881695
-1 -1.7986204
-1 -2.879928
-1 -0.9308133
-1 -3.3532565
-1 -2.3703651
-1 -0.7416243
-1 -1.3591856
-1 -2.5731759
-1 -3.0198244
-1 -2.1400008
-1 -2.3687392
-1 -1.8091095
-1 -1.0431422
-1 -0.3632908
-1 -3.9897979
-1 -2.9238915
-1 -2.826182
-1 -3.9175038
-1 -2.2599901
-1 -3.4401466
-1 -0.56832027
-1 -2.353371
-1 -2.9523275
-1 -1.7781747
-1 -1.0183729
-1 -2.7699024
-1 -4.4225224
-1 -5.1491333
-1 -1.2739765
-1 -1.7656049
-1 -2.4443258
-1 -1.2571053
-1 -1.8183623
-1 -1.0263421
-1 -3.2289143
-1 -1.589192
-1 -1.8161769
-1 -3.6401414
-1 -2.0306186
-1 -2.8894907
-1 -1.5310969
-1 -4.8922475
-1 -1.3859297
-1 -0.91599323
-1 -2.7364742
-1 -4.3071372
-1 -2.8353991
-1 -2.2215268
-1 -0.70648035
-1 -1.6252901
-1 -1.2566205
-1 -0.76485337
-1 -2.5454591
-1 -2.4145184
-1 -2.4465046
-1 -1.8806379
-1 -4.1081335
-1 -4.2939411
-1 -2.3574571
-1 -2.2618372
-1 -2.3601301
-1 -1.9914518
-1 -2.5821675
-1 -2.5170277
-1 -0.31316264
-1 -2.8712239
-1 -2.0554987
-1 -2.4126395
-1 -2.150407
-1 -2.3082577
-1 -2.3389903
-1 -4.3757234
-1 -2.5236002
-1 -4.1324164
-1 -3.6465127
-1 -2.856822
-1 -6.8512682
-1 -3.0143718
-1 -3.7278285
-1 -2.0240203
-1 -2.3772297
-1 -4.7650584
-1 -2.1254835
-1 -3.2434055
-1 -2.7909695
-1 -1.3895114
-1 -1.9072713
-1 -2.8455024
-1 -1.5153284
-1 -2.6021899
-1 -2.210606
-1 -2.2745317
-1 -2.9957408
-1 -3.1918906
-1 -1.4168103
-1 -1.4706636
-1 -1.6656136
-1 -3.0622995
-1 -3.8163977
-1 -3.8272514
-1 -2.6244831
-1 -3.0242312
-1 -1.743992
-1 -0.70141062
-1 -2.4361857
-1 -2.8688042
-1 -5.6382481
-1 -6.0009253
-1 -3.5776543
-1 -5.8276567
-1 -2.7028298
-1 -4.9509475
-1 -5.7040675
-1 -2.8224479
-1 -2.5679189
-1 -1.0998524
-1 -3.5437043
-1 -3.3260347
-1 -3.2340208
-1 -1.2209042
-1 -2.397204
-1 -2.714769
-1 -5.1685308
-1 -3.6250462
-1 -2.1465256
-1 -1.6206985
-1 -3.1606771
-1 -3.0486781
-1 -1.2085413
-1 -3.4312655
-1 -5.4906184
-1 -2.5504695
-1 -1.7613241
-1 -3.4871838
-1 -1.4035917
-1 -1.7777923
-1 -2.679867
-1 -2.1898874
-1 -1.6066406
-1 -2.5335634
-1 -3.0714038
-1 -1.5618551
-1 -3.8569005
-1 -1.6360844
-1 -3.1686456
-1 -2.7777671
-1 -3.0930185
-1 -3.5612214
-1 -3.6195372
-1 -0.87526053
-1 -4.6165612
-1 -4.0871919
-1 -0.99289536
-1 -1.9598323
-1 -5.1958018
-1 -4.4708269
-1 -2.8151349
-1 -1.4998477
-1 -0.42159412
-1 -2.7725888
-1 -2.3784637
-1 -1.2196909
-1 -3.0239228
-1 -3.3419133
-1 -1.9858617
-1 -1.3015521
-1 -2.8410627
-1 -3.2946137
-1 -3.6135714
-1 -4.1413541
-1 -2.8280622
-1 -3.6092979
-1 -1.9432414
-1 -1.3319079
-1 -2.5328467
-1 -2.6715651
-1 -3.4633963
-1 -2.6463865
-1 -6.249234
-1 -1.6907134
-1 -1.7481183
-1 -2.7700937
-1 -4.2526301
-1 -1.7224343
-1 -3.2858475
-1 -0.58209255
-1 -2.3000552
-1 -1.6776582
-1 -2.5247284
-1 -2.4585419
-1 -0.61989591
-1 -3.863916
-1 -1.9717706
-1 -2.0279538
-1 -2.5954088
-1 -2.4434559
-1 -0.87686712
-1 -2.7915591
-1 -1.6055977
-1 -3.0265941
-1 -4.141043
-1 -1.495886
-1 -3.16859
-1 -1.427563
-1 -1.9169126
-1 -3.0739187
-1 -2.5971585
-1 -2.4272914
-1 -1.4751262
-1 -3.8020292
-1 -1.3588534
-1 -3.023652
-1 -2.1762587
-1 -1.9991046
-1 -0.99200696
-1 -1.6369813
-1 -3.0564545
-1 -5.1441391
-1 -1.5178688
-1 -2.1661316
-1 -3.2522372
-1 -0.78806439
-1 -2.3349808
-1 -2.6543343
-1 -1.0779463
-1 -4.0397773
-1 -0.71352987
-1 -1.2630521
-1 -3.0582658
-1 -1.7470766
-1 -2.4140584
-1 -2.6063988
-1 -1.2741557
-1 -2.2899326
-1 -2.4515924
-1 -3.0568082
-1 -1.449935
-1 -2.9146521
-1 -1.8080618
-1 -0.93269322
-1 -3.1147795
-1 -3.2534261
-1 -4.2229348
-1 -4.1402569
-1 -2.4639062
-1 -2.6942933
-1 -2.4516316
-1 -4.5674779
-1 -1.5138629
-1 -1.745707
-1 -2.0242463
-1 -3.1269646
-1 -2.9797986
-1 -4.151928
-1 -3.0305076
-1 -4.3593049
-1 -1.1102817
-1 -2.5815378
-1 -3.2201194
-1 -1.086767
-1 -3.6185424
-1 -1.9064987
-1 -3.20888
-1 -3.272287
-1 -2.4513095
-1 -2.8931436
-1 -3.2820854
-1 -3.9312279
-1 -0.55845832
-1 -2.484567
-1 -0.63022822
-1 -3.6664273
-1 -1.9566476
-1 -4.5285185
-1 -3.6777634
-1 -1.5604143
-1 -2.3303717
-1 -1.6223244
-1 -1.8110558
-1 -1.6551292
-1 -4.7524569
-1 -2.6676664
-1 -3.3327039
-1 -3.3182815
-1 -1.8891721
-1 -0.34282937
-1 -2.781939
-1 -3.1174365
-1 -2.7203785
-1 -3.1831149
-1 -2.1946008
-1 -0.88917283
-1 -3.2456952
-1 -2.219657
-1 -3.0601623
-1 -1.6271543
-1 -1.7688828
-1 -1.9735201
-1 -2.1897426
-1 -2.5860652
-1 -2.0670839
-1 -3.3999327
-1 -0.42067053
-1 -4.3701827
-1 -2.8199894
-1 -4.562719
-1 -1.9284635
-1 -2.635666
-1 -2.9657213
-1 -3.1675427
-1 -2.17772
-1 -3.3648722
-1 -1.301682
-1 -2.0645145
-1 -4.6101304
-1 -3.5717607
-1 -3.5399599
-1 -3.0062976
-1 -3.8177679
-1 -2.3499253
-1 -4.4358328
-1 -2.1434943
-1 -2.3733975
-1 -2.0192922
-1 -1.5008748
-1 -1.8685934
-1 -2.671188
-1 -1.9075
-1 -2.2199282
-1 -2.8596308
-1 -1.9605893
-1 -1.9973397
-1 -3.2289519
-1 -2.300196
-1 -1.7168153
-1 -2.6152217
-1 -2.1251576
-1 -2.9203344
-1 -1.9642817
-1 -3.3486429
-1 -1.9816211
-1 -1.2428923
-1 -3.2676766
-1 -2.5615158
-1 -5.3898239
-1 -1.5896929
-1 -3.162823
-1 -6.074589
-1 -1.5185476
-1 -3.4237239
-1 -3.3883721
-1 -3.1781453
-1 -4.5824136
-1 -2.0991407
-1 -2.1991348
-1 -1.3269632
-1 -2.9824741
-1 -1.751823
-1 -2.4778354
-1 -1.7042824
-1 -3.0321654
-1 -1.5449656
-1 -1.3638839
-1 -2.5354234
-1 -3.4422215
-1 -2.2185556
-1 -2.9217398
-1 -1.8129108
-1 -2.6534023
-1 -1.6495437
-1 -1.1823555
-1 -3.8745869
-1 -3.2388816
-1 -1.3942039
-1 -2.6882596
-1 -3.6783145
-1 -1.4254338
-1 -2.3258446
-1 -1.5567793
-1 -2.7226951
-1 -2.5385611
-1 -4.4615584
-1 -2.7437424
-1 -3.4989011
-1 -3.8912904
-1 -2.4311124
-1 -3.2158633
-1 -2.2318412
-1 -1.6199319
-1 -2.4997877
-1 -3.4789595
-1 -3.3221442
-1 -1.7013195
-1 -3.5808878
-1 -1.1375028
-1 -1.3627534
-1 -2.8384297
-1 -1.6834679
-1 -2.7719283
-1 -1.5570794
-1 -2.0543054
-1 -1.8256644
-1 -2.8581267
-1 -4.8698732
-1 -2.1103896
-1 -2.8752788
-1 -1.5999443
-1 -2.419039
-1 -1.2411856
-1 -0.77780406
-1 -2.5653204
-1 -0.81761679
-1 -3.2517639
-1 -1.7160989
-1 -3.7341494
-1 -1.022971
-1 -3.3584065
-1 -1.5245786
-1 -2.4065941
-1 -2.616612
-1 -2.4438818
-1 -4.5821686
-1 -2.2769702
-1 -3.5427424
-1 -2.9248586
-1 -2.4327145
-1 -2.5754914
-1 -2.5804407
-1 -3.5379805
-1 -1.7315579
-1 -2.3995038
-1 -2.6765552
-1 -2.7954979
-1 -1.7875001
-1 -2.3453194
-1 -2.8296221
-1 -2.2494532
-1 -2.2194381
-1 -2.9120804
-1 -6.3527436
-1 -3.595759
-1 -2.4751673
-1 -2.9130174
-1 -1.3246419
-1 -3.2584924
-1 -3.4286108
-1 -2.703589
-1 -1.7793603
-1 -1.9644393
-1 -5.0337617
-1 -4.0562068
-1 -3.3303642
-1 -2.0992615
-1 -4.2904072
-1 -3.8364411
-1 -4.0087907
-1 -4.0324322
-1 -3.1783326
-1 -3.0075216
-1 -3.7647583
-1 -1.886974
-1 -2.2112755
-1 -1.8897217
-1 -1.6749411
-1 -2.4069118
-1 -3.2738746
-1 -2.2869167
-1 -2.0900833
-1 -1.7138792
-1 -3.6877099
-1 -1.4254769
-1 -4.0517255
-1 -1.9084816
-1 -3.0615386
-1 -3.2852157
-1 -1.844194
-1 -3.2127157
-1 -3.2960797
-1 -1.8986835
-1 -2.2671396
-1 -1.8580714
-1 -0.50974117
-1 -2.573184
-1 -2.1485423
-1 -2.6149626
-1 -1.7225968
-1 -5.2111895
-1 -1.8039169
-1 -4.564342
-1 -2.6435093
-1 -3.4603256
-1 -2.5613094
-1 -6.5622731
-1 -1.1913477
-1 -4.2017594
-1 -0.5849037
-1 -0.87904737
-1 -0.63269984
-1 -2.435218
-1 -3.9151763
-1 -3.5917084
-1 -3.1772915
-1 -3.2700215
-1 -2.5703787
-1 -2.1297227
-1 -2.79151
-1 -1.8550563
-1 -1.2332393
-1 -2.5654313
-1 -4.0710548
-1 -3.625582
-1 -2.9602197
-1 -2.6063649
-1 -2.9725687
-1 -5.165952
-1 -1.4880664
-1 -1.5542068
-1 -2.5744775
-1 -1.5723744
-1 -1.8481355
-1 -1.7973724
-1 -2.4192287
-1 -1.2517316
-1 -2.6097864
-1 -4.6115969
-1 -2.161215
-1 -3.6857348
-1 -3.5371297
-1 -3.6093652
-1 -3.2543978
-1 -3.2300593
-1 -2.6410748
-1 -0.69088776
-1 -2.782891
-1 -1.4498754
-1 -2.5586448
-1 -2.4302334
-1 -3.0070628
-1 -3.1681877
-1 -2.0796169
-1 -1.3587807
-1 -4.0396095
-1 -2.4482997
-1 -1.3699475
-1 -2.060562
-1 -1.7385003
-1 -1.6600858
-1 -2.7743998
-1 -2.5582981
-1 -2.9494218
-1 -1.1864097
-1 -4.2883176
-1 -1.1668942
-1 -2.605301
-1 -3.7850325
-1 -2.274833
-1 -2.5404816
-1 -2.3511688
-1 -2.3938007
-1 -2.0563464
-1 -2.8550276
-1 -0.99751901
-1 -2.6476991
-1 -1.9762092
-1 -4.5477843
-1 -1.4013884
-1 -2.1130841
-1 -2.5046497
-1 -4.0748774
-1 -1.8575585
-1 -1.1455451
-1 -1.8723798
-1 -2.3871101
-1 0.79751427
-1 -4.4254877
-1 -5.5366122
-1 -2.3136213
-1 -3.8629221
-1 -1.7584529
-1 -0.91145244
-1 -2.3896747
-1 -2.690672
-1 -2.8831386
-1 -1.28609
-1 -2.2671748
-1 -2.2797415
-1 -3.0262543
-1 -3.1414479
-1 -1.164824
-1 -3.3674626
-1 -2.4537871
-1 -1.3527193
-1 -3.2703053
-1 -1.9021441
-1 -1.7350877
-1 -3.1958541
-1 -3.6887399
-1 -2.5347639
-1 -2.1571563
-1 -2.7276046
-1 -2.3548903
-1 -3.0060409
-1 -1.3905676
-1 -3.0937617
-1 -6.1080572
-1 -0.45957897
-1 -3.8022883
-1 -4.1911074
-1 -2.3332373
-1 -5.6085915
-1 -2.2601214
-1 -3.8467624
-1 -2.8124665
-1 -3.6966458
-1 -1.9850854
-1 -4.0583266
-1 -3.8227076
-1 -1.7706102
-1 -3.6409741
-1 -3.1978579
-1 -1.3342629
-1 -3.4714306
-1 -1.645778
-1 -2.0760309
-1 -2.1963996
-1 -2.5626953
-1 -2.1580196
-1 -2.3703249
-1 -1.0964217
-1 -2.4067434
-1 -3.286591
-1 -2.0650303
-1 -1.3187716
-1 -1.5264406
-1 -3.0948434
-1 -1.8019056
-1 0.020512607
-1 -2.1727235
-1 -1.1137422
-1 -2.0426348
-1 -0.92157284
-1 -3.1421563
-1 -2.1630111
-1 -1.8845332
-1 -2.5404287
-1 -2.143507
-1 -1.8711939
-1 -2.0071222
-1 -2.4599953
-1 -3.460732
-1 -1.3785597
-1 -2.5128079
-1 -2.076135
-1 -2.4190219
-1 -1.4573367
-1 -3.2692824
-1 -2.6279836
-1 -2.0485039
-1 -2.6784265
-1 -1.4068402
-1 -2.7459884
-1 -3.828631
-1 -2.5777901
-1 -3.9293586
-1 -0.81442992
-1 -3.3465863
-1 -2.0642143
-1 -3.523137
-1 -1.7960872
-1 -3.2321769
-1 -3.4734035
-1 -2.7526166
-1 -4.4831231
-1 -2.2892826
-1 -2.5386278
-1 -1.9233222
-1 -0.79048308
-1 -2.9782853
-1 -1.2255296
-1 -1.4055584
-1 -3.3505377
-1 -4.9092797
-1 -1.7936842
-1 -3.5717732
-1 -3.1267119
-1 -1.5769405
-1 -2.2267419
-1 -0.76155583
-1 -2.6578949
-1 -1.4913701
-1 -1.616811
-1 -1.0491489
-1 -1.8001971
-1 -1.6834212
-1 -1.188273
-1 -2.4709771
-1 -2.9780777
-1 -1.6667198
-1 -2.2726434
-1 -2.5756435
-1 -1.8240151
-1 -1.6355478
-1 -1.3114666
-1 -3.9610644
-1 -2.2501658
-1 -5.1739069
-1 -1.8417886
-1 -2.4678147
-1 -3.3135265
-1 -3.4171745
-1 -2.0828777
-1 -2.593633
-1 -2.9814795
-1 -2.6357845
-1 -2.6276644
-1 -3.069703
-1 -3.0012308
-1 -2.2730393
-1 -3.7791829
-1 -0.90120972
-1 -3.4898267
-1 -3.0176368
-1 -4.0038243
-1 -1.3396362
-1 -2.0932949
-1 -2.2421991
-1 -0.95198371
-1 -1.4595862
-1 -1.2605455
-1 -2.3100919
-1 -4.6722333
-1 -0.56739057
-1 -3.1112691
-1 -3.1708006
-1 -4.7683137
-1 -3.883865
-1 -2.807192
-1 -1.8410717
-1 -1.8582224
-1 -1.6383721
-1 -2.4549234
-1 -3.8519296
-1 -3.3060252
-1 -2.8601325
-1 -1.5197223
-1 -3.1527204
-1 -5.5771931
-1 -1.752956
-1 -2.7465573
-1 -2.1854294
-1 -1.8167441
-1 -2.1502632
-1 0.5100952
-1 -1.6542673
-1 -3.4493039
-1 -4.3558365
-1 -3.5337437
-1 -1.8850776
-1 -1.7421069
-1 -1.9564139
-1 -2.4323259
-1 -2.6857964
-1 -4.077943
-1 -3.3717961
-1 -2.4114909
-1 -2.5950266
-1 -3.2063585
-1 -3.3701445
-1 -2.9477187
-1 -3.696367
-1 -4.3230029
-1 -2.0756139
-1 -3.2366098
-1 -2.4168159
-1 -1.2502465
-1 -3.8585274
-1 -4.1705458
-1 -2.0160209
-1 -2.0861133
-1 -2.3849556
-1 -2.2464373
-1 -2.5097758
-1 -3.6928691
-1 -1.4467643
-1 -3.5548592
-1 -2.5876672
-1 -2.6925201
-1 -2.1408891
-1 -5.6744167
-1 -2.4222734
-1 -2.9931753
-1 -2.0576488
-1 -0.8585237
-1 -2.9554814
-1 -3.331866
-1 -2.227976
-1 -2.2132859
-1 -3.8588704
-1 -0.89174263
-1 -1.4027631
-1 -3.6784149
-1 -1.7129162
-1 -2.3849505
-1 -2.9025311
-1 -2.1617705
-1 -2.2990873
-1 -2.2016103
-1 -5.1076715
-1 -2.347383
-1 -2.9482964
-1 -2.8441957
-1 -4.5397207
-1 -2.9987648
-1 -1.9611402
-1 -3.7421567
-1 -3.6114297
-1 -1.8658066
-1 -4.4526106
-1 -2.0178627
-1 -2.7849492
-1 -3.2136785
-1 -2.3750227
-1 -3.7056279
-1 -3.431211
-1 -2.6789756
-1 -2.7955958
-1 -2.5566039
-1 -2.0139666
-1 -3.8677476
-1 -5.6396151
-1 -3.1984255
-1 -2.731499
-1 -1.9124663
-1 -2.0090781
-1 -3.8415456
-1 -1.1361483
-1 -1.2174266
-1 -1.1699793
-1 -2.1600146
-1 -2.4486242
-1 -2.6087306
-1 -2.9481902
-1 -2.6650918
-1 -0.93624895
-1 -2.1949514
-1 -3.2305231
-1 -1.8201362
-1 -2.2787004
-1 -3.3792845
-1 -2.4074047
-1 -2.4168184
-1 -3.1703422
-1 -5.7040675
-1 -1.941738
-1 -2.4835067
-1 -2.1805779
-1 -2.0207076
-1 -1.7302945
-1 -1.1479361
-1 -1.1234006
-1 -2.6845688
-1 -1.4622631
-1 -1.5946339
-1 -1.5865247
-1 -2.1416338
-1 -1.6406658
-1 -2.6032134
-1 -4.7057885
-1 -2.959421
-1 -1.482928
-1 -1.6985314
-1 -1.9204389
-1 -4.0347313
-1 -1.6515819
-1 -1.5855014
-1 -2.962417
-1 -3.8786133
-1 -0.89051228
-1 -1.835942
-1 -1.4206044
-1 -2.029257
-1 -3.2357507
-1 -3.1690481
-1 -4.1561627
-1 -4.0716758
-1 -1.9032069
-1 -2.7496045
-1 -3.5118467
-1 -2.5262606
-1 -2.358262
-1 -3.4399323
-1 -4.0217888
-1 -2.7658817
-1 -3.823586
-1 -5.1777901
-1 -2.5666116
-1 -0.43303166
-1 -3.2241031
-1 -2.8442488
-1 -2.3676951
-1 -1.6110401
-1 -2.8243113
-1 -3.1351811
-1 -3.6589106
-1 -2.207338
-1 -2.7101057
-1 -2.7242589
-1 -4.3054438
-1 -1.3029866
-1 -0.4739673
-1 -2.5809764
-1 -2.3470669
-1 -0.79838179
-1 -3.2301383
-1 -2.7668022
-1 -2.3160173
-1 -1.9256354
-1 -0.90603281
-1 -3.3648099
-1 -2.8716102
-1 -1.6887637
-1 -1.4585174
-1 -1.2488617
-1 -2.3722228
-1 -1.2321451
-1 -1.4115538
-1 -1.3198219
-1 -1.9441606
-1 -3.7464662
-1 -1.0634099
-1 -5.1490845
-1 -1.7350563
-1 -1.7883119
-1 -1.8344004
-1 -2.382871
-1 -2.0515891
-1 -1.964305
-1 -1.8650385
-1 -2.6709706
-1 -1.6255796
-1 -1.7344129
-1 -3.5464081
-1 -2.062697
-1 -1.750857
-1 -2.3871372
-1 -2.8263069
-1 -2.4315796
-1 -3.2963283
-1 -1.6359613
-1 -0.526877
-1 -0.82634114
-1 -2.7268013
-1 -3.8118046
-1 -3.0063837
-1 -1.4291574
-1 -2.9731013
-1 -0.75183344
-1 -2.7769703
-1 -3.2462294
-1 -3.7816081
-1 -1.955287
-1 -3.2629207
-1 -2.1060016
-1 -2.0563737
-1 -2.3273201
-1 -1.6700535
-1 -1.298346
-1 -2.7070204
-1 -3.1924528
-1 -2.7370905
-1 -1.4510797
-1 -2.0529431
-1 -2.9394502
-1 -2.3762167
-1 -5.1165789
-1 -1.8671345
-1 -1.8283089
-1 -3.6910081
-1 -2.7508382
-1 -2.4110643
-1 -3.9605172
-1 -2.3051099
-1 -1.553126
-1 -1.8850014
-1 -2.4379019
-1 -3.1792801
-1 -1.6239383
-1 -2.6360167
-1 -2.1810281
-1 -2.0285697
-1 -1.3063295
-1 -2.6827028
-1 -3.550279
-1 -4.6249623
-1 -3.5279899
-1 -3.3771486
-1 -0.58563943
-1 -1.5501692
-1 -3.1632083
-1 -4.6806237
-1 -2.6934616
-1 -2.4397662
-1 -2.8115535
-1 -2.2257999
-1 -3.4043422
-1 -2.232098
-1 -2.8093734
-1 -2.3233781
-1 -2.7367132
-1 -3.4932098
-1 -1.4751163
-1 -3.5780288
-1 -1.4212359
-1 -1.8081377
-1 -2.832644
-1 -1.6688212
-1 -3.8187247
-1 -3.8547065
-1 -3.5913239
-1 -2.8017085
-1 -1.4692151
-1 -2.2996946
-1 -2.6660576
-1 -1.1091918
-1 -1.9342999
-1 -2.2814937
-1 -2.5541015
-1 -2.3270489
-1 -1.6105466
-1 -3.3897819
-1 -3.3964002
-1 -5.9295059
-1 -3.352133
-1 -3.0167119
-1 -1.5903817
-1 -0.57899887
-1 -4.2410612
-1 -0.034066778
-1 -1.8596819
-1 -1.3231991
-1 -1.0744787
-1 -3.7990895
-1 -1.5070117
-1 -2.0780877
-1 -1.5709336
-1 -3.7725751
-1 -3.7498729
-1 -0.61968785
-1 -3.3739779
-1 -2.3679961
-1 -5.1957953
-1 -2.9167328
-1 -6.6723089
-1 -2.8467074
-1 -3.4518544
-1 -4.3193174
-1 -1.9652104
-1 -2.7685084
-1 -2.2680969
-1 -0.81785932
-1 -4.0973608
-1 -3.6636314
-1 -4.1187695
-1 -2.3719069
-1 -1.5465966
-1 -2.0127045
-1 -2.3645716
-1 -3.8065801
-1 -3.0314101
-1 -4.1267272
-1 -2.7140345
-1 -1.7742452
-1 -0.68303812
-1 -4.2472847
-1 -2.7742635
-1 -2.9817947
-1 -1.968342
-1 -2.4164522
-1 -3.8926302
-1 -2.5908868
-1 -3.1108467
-1 -0.55816148
-1 -3.8680971
-1 -2.2586151
-1 -3.5486057
-1 -3.1147312
-1 -2.1005124
-1 -2.3178854
-1 -0.92236225
-1 -4.9025349
-1 -2.9170023
-1 -1.5526569
-1 -1.7402799
-1 -1.4690715
-1 -2.5969793
-1 -2.9168727
-1 -2.5178373
-1 -1.8559067
-1 -1.1757521
-1 -1.6112684
-1 -1.7811389
-1 -2.7260471
-1 -3.5985802
-1 -1.3659444
-1 -2.2311597
-1 -3.5953265
-1 -1.3334061
-1 -2.2982633
-1 -1.7297529
-1 -2.7167878
-1 -2.6412037
-1 -1.0996917
-1 -1.8225723
-1 -2.752388
-1 -3.2192042
-1 -4.1962826
-1 -1.0721897
-1 -2.2568993
-1 -2.5262991
-1 -2.1924575
-1 -1.5969604
-1 -2.2297018
-1 -1.9922738
-1 -3.4560626
-1 -1.8234353
-1 -1.8824736
-1 -1.8368541
-1 -2.2233268
-1 -2.1333037
-1 -3.75719
-1 -3.6907157
-1 -2.215386
-1 -2.5494617
-1 -0.81262733
-1 -2.0716746
-1 -1.8769264
-1 -3.1312321
-1 -1.9247169
-1 -3.2118298
-1 -2.2147389
-1 -2.8771193
-1 -2.8684729
-1 -1.79491
-1 -3.0182384
-1 -1.6830435
-1 -2.0504478
-1 -1.7209886
-1 -1.9903975
-1 -1.2379452
-1 -2.7771719
-1 -2.6824114
-1 -2.2037176
-1 -3.3452335
-1 -4.1274787
-1 -2.6604187
-1 -1.4780769
-1 -1.0243681
-1 -2.4122639
-1 -0.42676724
-1 -0.53820099
-1 -2.3863619
-1 -2.8491142
-1 -3.4425914
-1 -1.3438617
-1 -3.6907117
-1 -0.54475438
-1 -2.069825
-1 -3.4708402
-1 -1.8623154
-1 -1.6379737
-1 -3.11834
-1 -1.9590824
-1 -3.6880871
-1 -2.6797863
-1 -1.613123
-1 -1.5507443
-1 -4.8105942
-1 -2.9870031
-1 -1.9131158
-1 -2.0245425
-1 -3.9397797
-1 -1.9301133
-1 -4.0175035
-1 -1.326667
-1 -1.3795064
-1 -2.8798217
-1 -2.4073825
-1 -2.1521465
-1 -0.91477149
-1 -1.8368213
-1 -2.7481882
-1 -2.3306925
-1 -2.0925192
-1 -1.563011
-1 -4.4232368
-1 -3.0949697
-1 -2.201565
-1 -2.7029898
-1 -2.0238501
-1 -1.8251801
-1 -3.7233587
-1 -3.7538639
-1 -2.9719443
-1 -3.2965682
-1 -3.3574866
-1 -2.000544
-1 -1.499243
-1 -1.1287915
-1 -2.7519288
-1 -3.572376
-1 -2.5623139
-1 -0.63193838
-1 -5.5711657
-1 -2.5033008
-1 -1.7421609
-1 -3.074344
-1 -4.2681207
-1 -3.0538125
-1 -2.1508332
-1 -3.4090275
-1 -1.8170891
-1 -3.5246062
-1 -4.3110499
-1 -3.4980712
-1 -1.9456879
-1 -1.7808215
-1 -3.9080368
-1 -2.4782374
-1 -2.4557293
-1 -1.5331296
-1 -1.6891146
-1 -0.78827485
-1 -2.3522424
-1 -4.8482552
-1 -1.1913351
-1 -0.99305789
-1 -2.3325757
-1 -3.4897477
-1 -2.0248512
-1 -1.9046869
-1 -1.7829426
-1 -2.4610445
-1 -2.2018703
-1 -3.7839235
-1 -2.5276744
-1 -3.2130698
-1 -0.99754285
-1 -1.5518126
-1 -2.3919001
-1 -1.794473
-1 -1.8897258
-1 -0.64611387
-1 -2.3416625
-1 -2.8748794
-1 -2.3999505
-1 -0.9210366
-1 -2.5773202
-1 -2.6093038
-1 -3.6579585
-1 -2.3936354
-1 -2.8459113
-1 -2.2731951
-1 -2.0458565
-1 -1.6135802
-1 -1.7354318
-1 -1.6324177
-1 -1.4509087
-1 -1.7889301
-1 -3.7549199
-1 -3.0652832
-1 -3.2406884
-1 -5.5433871
-1 -0.76827375
-1 -3.4973359
-1 -1.8378406
-1 -2.2421398
-1 -3.1389579
-1 -2.3016298
-1 -2.8865588
-1 -0.1797899
-1 -2.1996939
-1 -2.855014
-1 -1.5881762
-1 -3.455169
-1 -1.7636953
-1 -3.2998617
-1 -1.1648672
-1 -3.0141389
-1 -3.193475
-1 -3.595552
-1 -2.4423914
-1 -3.0058775
-1 -2.582848
-1 -4.333507
-1 -2.3489297
-1 -2.0654101
-1 -1.5847101
-1 -1.9697356
-1 -3.5540077
-1 -3.8190499
-1 -2.4150235
-1 -3.0807206
-1 -4.8977921
-1 -3.3549252
-1 -1.9660136
-1 -3.08827
-1 -0.79475218
